   1.00000000000000000000        0.109348178959362233811         39.8755042414847457911         244277320.105039675764         0.00000000000000000000        0.109374996665734439409      
   1.01904342022397374399        0.110249681486277109308         38.6795270346788793471         218919430.680675596115         0.00000000000000000000        0.110283625373463810579      
   1.03844949230177434004        0.111174628858441670737         37.5507312635639597213         197202505.023353818353         0.00000000000000000000        0.111216059339822980647      
   1.05822512236504921636        0.112125112982472746656         36.4809960952542680704         178430613.971759657565         0.00000000000000000000        0.112174418016756647105      
   1.07837734806181288457        0.113104719165311052064         35.4666302420744776400         162078048.914377503708         0.00000000000000000000        0.113162334397563682972      
   1.09891334106096838540        0.114113555332018201650         34.5032041588141963374         147751232.481912329822         0.00000000000000000000        0.114179930996851750961      
   1.11984040960452338725        0.115151478021010297672         33.5870265577980974120         135108283.979809165903         0.00000000000000000000        0.115227070675925887433      
   1.14116600110840920917        0.116218488503764195569         32.7151444088859194685         123895355.551605960245         0.00000000000000000000        0.116303769620316107339      
   1.16289770481282833301        0.117314711648254626030         31.8875577120776625036         113919332.501377592125         0.00000000000000000000        0.117410175817296719395      
   1.18504325448307359719        0.118439912906373940293         31.0990986646278690687         104986937.571071218357         0.00000000000000000000        0.118546061612798225282      
   1.20761053116178022513        0.119594145842937073801         30.3505055240716045163         96967876.7376659183137         0.00000000000000000000        0.119711503751677947572      
   1.23060756597359014582        0.120777131803182209917         29.6373487451984767484         89727416.7838085690164         0.00000000000000000000        0.120906230820840500205      
   1.25404254298322671585        0.121988723589820443020         28.9574135554032897136         83166261.9915537410125         0.00000000000000000000        0.122130111003130497211      
   1.27792380210799695866        0.123228885158013986079         28.3114382122211087640         77209825.2509736507418         0.00000000000000000000        0.123383131463568064225      
   1.30225984208575780855        0.124497279799786004554         27.6949931704415418000         71776592.2252442466925         0.00000000000000000000        0.124664963125202971074      
   1.32705932349940258297        0.125793691319112317436         27.1073401725295234730         66806816.8423977118437         0.00000000000000000000        0.125975405297552046726      
   1.35233107185894402117        0.127118258741853897031         26.5462644458798577331         62248237.7422491478719         0.00000000000000000000        0.127314616652641577702      
   1.37808408074229072628        0.128476202912912558293         26.0095512178873485322         58048047.7393191714837         0.00000000000000000000        0.128687900013259513813      
   1.40432751499583473157        0.129869254933367375763         25.4964622310169305216         54167229.0279139191625         0.00000000000000000000        0.130097026689981946183      
   1.43107071399598920170        0.131297221177598484877         25.0025679400582115999         50566584.7468621103653         0.00000000000000000000        0.131541811407458423470      
   1.45832319497283696837        0.132760332290320952372         24.5300831176163878205         47231904.7691712420929         0.00000000000000000000        0.133022523511568802420      
   1.48609465639707269717        0.134258550816301385259         24.0782695061563938293         44139924.2333521319451         0.00000000000000000000        0.134539149499249082405      
   1.51439498143144402346        0.135791607860844388669         23.6434358180029028824         41262334.8305752983542         0.00000000000000000000        0.136091430098644303875      
   1.54323424144791992703        0.137359625899038661719         23.2277968257611110263         38589549.2932278190892         0.00000000000000000000        0.137679527003784610802      
   1.57262269961183802521        0.138962390048082972478         22.8283994992907568623         36101637.8111024529280         0.00000000000000000000        0.139303242773232736454      
   1.60257081453430628765        0.140599858221014280691         22.4467203536619710896         33787300.8311629858108         0.00000000000000000000        0.140962567443400112188      
   1.63308924399415897203        0.142271679766431581205         22.0798063587344923098         31627480.6625536917982         0.00000000000000000000        0.142657161052749654112      
   1.66418884873079133107        0.143977855189832695519         21.7283957720433858734         29616156.5411966249649         0.00000000000000000000        0.144387063651015585752      
   1.69588069630922286442        0.145718170740406977902         21.3917503360535864298         27742040.4148521316274         0.00000000000000000000        0.146152086680715040647      
   1.72817606505876459428        0.147492221936221140977         21.0683935356949632797         25990586.5506554544299         0.00000000000000000000        0.147951836867363826104      
   1.76108644808669203684        0.149303099785831499202         20.7575871134324510727         24354670.2157493508166         0.00000000000000000000        0.149789490894752951787      
   1.79462355736835223489        0.151156046556868008454         20.4578545541959191129         22820385.6472150821955         0.00000000000000000000        0.151670393035764334774      
   1.82879932791516041854        0.153051152865425804778         20.1691958579853673969         21381781.8902205895956         0.00000000000000000000        0.153594670282865612061      
   1.86362592202196957511        0.154988476415767950824         19.8923492823358612751         20034788.7302189094735         0.00000000000000000000        0.155562423487192551892      
   1.89911573359532446625        0.156967896000128217680         19.6243617971071393491         18772238.7276924374091         0.00000000000000000000        0.157573561385221155655      
   1.93528139256414040111        0.158989343385078550576         19.3674481749043976685         17589064.6138907542263         0.00000000000000000000        0.159628053111591911793      
   1.97213576937437642294        0.161052795444838840801         19.1193936431224401837         16481729.8083777428546         0.00000000000000000000        0.161725920241563710054      
   2.00969197956930244230        0.163158059374675602058         18.8809364592963322450         15444268.3360354312172         0.00000000000000000000        0.163867001208470307471      
   2.04796338845699032473        0.165304992265014167338         18.6513383658910085021         14472422.2316265273603         0.00000000000000000000        0.166051191634165918337      
   2.08696361586668997106        0.167493425934593420239         18.4305993629064689548         13562170.3675908899095         0.00000000000000000000        0.168278362056170169132      
   2.12670654099578306678        0.169723229263898072358         18.2179811928076482528         12710646.2634649543861         0.00000000000000000000        0.170548427093122294937      
   2.16720630734903940825        0.171994119158367535715         18.0134838555945463977         11913211.7855851651257         0.00000000000000000000        0.172861135995345882501      
   2.20847732777193356290        0.174305853818276546840         17.8163690937320980390         11166509.6151571233913         0.00000000000000000000        0.175216286211410248377      
   2.25053428957981309366        0.176660276855824595880         17.6258986496852378279         10466790.6895578378326         0.00000000000000000000        0.177615800711980484949      
   2.29339215978474368868        0.179064557338879792905         17.4428107809890311133         9810099.65395901381089         0.00000000000000000000        0.180067037137575920025      
   2.33706619042189130088        0.181519185011633031775         17.2656289725733471958         9193294.07343265678992         0.00000000000000000000        0.182570541233871292468      
   2.38157192397733681881        0.184024155122414649052         17.0950914819732514242         8614843.40378881852030         0.00000000000000000000        0.185126368453424307130      
   2.42692519891925489474        0.186579278291906663692         16.9297217941186131009         8071432.68457609837424         0.00000000000000000000        0.187734370723444018051      
   2.47314215533442533488        0.189184563600033680490         16.7702581665444975748         7562231.73028085152009         0.00000000000000000000        0.190394625957720401568      
   2.52023924067208294499        0.191839882167631101570         16.6167005992509048476         7085214.79925623227018         0.00000000000000000000        0.193107061361977088565      
   2.56823321559714992136        0.194545029648090888954         16.4690490922378349158         6637999.86596574507075         0.00000000000000000000        0.195871522561281512548      
   2.61714115995493380685        0.197299830356006523579         16.3258271304351570818         6218849.69445589610859         0.00000000000000000000        0.198687891005481645919      
   2.66698047884941369661        0.200104080506125931905         16.1885112289130020449         5826106.25499153355759         0.00000000000000000000        0.201556020329899556053      
   2.71776890883727780131        0.202957598521478304500         16.0556248726012391077         5458557.73882692021198         0.00000000000000000000        0.204475793403812162481      
   2.76952452423991667173        0.205860077900266827609         15.9271680614998682674         5114293.01747042132365         0.00000000000000000000        0.207446955017236835242      
   2.82226574357561836256        0.208811235945036268927         15.8038790531439548746         4791897.53247361074773         0.00000000000000000000        0.210469280677128052766      
   2.87601133611425459000        0.211814613666754612665         15.6850195899984335797         4489974.38682066796900         0.00000000000000000000        0.213546468796087938886      
   2.93078042855679053486        0.214877422625193329112         15.5691131569931736833         4206389.83077630073012         0.00000000000000000000        0.216685971135037544751      
   2.98659251184199535617        0.217999728704072997750         15.4576362691983058856         3940169.50387765587288         0.00000000000000000000        0.219887932673406527264      
   3.04346744808277575381        0.221181449024535063932         15.3505889266138301850         3690615.07138811967775         0.00000000000000000000        0.223152354379689935572      
   3.10142547763460104662        0.224422400001236970577         15.2464946141696158829         3456543.68240296023578         0.00000000000000000000        0.226479124857505259458      
   3.16048722629853523687        0.227722456819137143293         15.1460915894007283299         3237289.98052442290896         0.00000000000000000000        0.229868205686126633736      
   3.22067371266143944570        0.231081389332469980908         15.0493798523071675250         3031777.87217581747473         0.00000000000000000000        0.233319440789136108120      
   3.28200635557595690435        0.234498978672086739233         14.9563594028889334684         2839207.56191212933527         0.00000000000000000000        0.236832692549053807366      
   3.34450698178294244492        0.237975016258484927992         14.8662919836109608095         2658985.04802599194932         0.00000000000000000000        0.240407840788885421635      
   3.40819783367904911723        0.241509185331629876311         14.7791775944732495501         2490191.25478312697419         0.00000000000000000000        0.244044644329040111386      
   3.47310157723223622409        0.245101216359131638306         14.6957544930108650388         2332285.18955827122954         0.00000000000000000000        0.247742922765875359963      
   3.53924131004801569922        0.248750730885904086732         14.6152844216887419261         2184445.95694078567681         0.00000000000000000000        0.251502373605471291529      
   3.60664056958930740924        0.252458449417221793493         14.5377673805068802129         2046148.84463318957899         0.00000000000000000000        0.255323838918306270253      
   3.67532334155282860923        0.256233671914098198023         14.4624651119302145477         1916372.96356986951662         0.00000000000000000000        0.259216994469104575471      
   3.74531406840499850579        0.260078487201598020328         14.3901158734938102810         1794589.49285699440532         0.00000000000000000000        0.263184100199936053609      
   3.81663765808039563720        0.263992715725702872955         14.3199814076626020633         1680467.43894691680373         0.00000000000000000000        0.267225089497756276911      
   3.88931949284586363051        0.267976100291779954483         14.2527999719716552450         1573465.66218239615785         0.00000000000000000000        0.271339807288738226875      
   3.96338543833341985507        0.272028428149097304859         14.1878333088859044748         1473269.43446334131829         0.00000000000000000000        0.275528157773927527937      
   4.03886185274518154506        0.276149392377090260826         14.1250814184053497544         1379386.49229382006786         0.00000000000000000000        0.279789938714701950690      
   4.11577559623358520081        0.280338719511487561285         14.0645443005299910820         1291525.32937188172957         0.00000000000000000000        0.284124995457999691728      
   4.19415404046023745140        0.284596039903113706275         14.0069602127948938091         1209242.42759854780945         0.00000000000000000000        0.288533064341453438368      
   4.27402507833679912988        0.288920981885825372800         13.9501143825948618858         1132202.58478285731496         0.00000000000000000000        0.293013886783319911874      
   4.35541713395136909602        0.293313196550762078293         13.8969598400701567099         1060216.95370506068275         0.00000000000000000000        0.297567240607577509679      
   4.43835917268390035958        0.297772150429533916967         13.8452818126155822341         992776.408003829456391         0.00000000000000000000        0.302192685479007870235      
   4.52288071151424832294        0.302298728816995777022         13.7950803002311384576         929705.273573120690344         0.00000000000000000000        0.306891282891067487343      
   4.60901182952651951568        0.306903491747193104996         13.7470935604518907300         870600.407308920687854         0.00000000000000000000        0.311674128208570242854      
   4.69678317861345906350        0.311588516770314147942         13.7013215932778390513         815159.414406940195192         0.00000000000000000000        0.316543521108133810345      
   4.78622599438468629548        0.316353487931463002518         13.6570261411739180719         763225.586987793393803         0.00000000000000000000        0.321499295738757848363      
   4.87737210728266047362        0.321198022958041026228         13.6142072041401277918         714549.607410347427958         0.00000000000000000000        0.326541209392122209755      
   4.97025395391033252739        0.326121769021287577890         13.5736030397115335607         668983.776300167275735         0.00000000000000000000        0.331669064254182983589      
   5.06490458857451401886        0.331124310914698086167         13.5344753903530700288         626339.835965066622350         0.00000000000000000000        0.336882594284812763571      
   5.16135769504907133444        0.336205147279556894785         13.4960859985296718466         586368.348517072888342         0.00000000000000000000        0.342181434351118562775      
   5.25964759856213132745        0.341363865099893108349         13.4606496368465350629         549012.760667939860923         0.00000000000000000000        0.347565342294676531164      
   5.35980927801156435469        0.346599882442372772887         13.4259515326984636288         514043.330785198432324         0.00000000000000000000        0.353033872775408494500      
   5.46187837841309189058        0.351912626713678965536         13.3927299436205228941         481313.994856163955859         0.00000000000000000000        0.358586603341111554712      
   5.56589122358544868266        0.357301531061483607771         13.3617231271477782091         450740.781917702633592         0.00000000000000000000        0.364223130858762851711      
   5.67188482907711378480        0.362771976543448434457         13.3314545682100988730         422102.766982450784042         0.00000000000000000000        0.369949253385193437324      
   5.77989691533921075501        0.368333761807167669327         13.3019242668074848864         395240.500022676575668         0.00000000000000000000        0.375775413710428635432      
   5.88996592114926493947        0.373986553219688808646         13.2746087380100669488         370077.194331319419234         0.00000000000000000000        0.381701475899988701515      
   6.00213101729059499406        0.379729825830660570603         13.2487697242827797113         346513.266818163931305         0.00000000000000000000        0.387727103890333179415      
   6.11643212049220681183        0.385563006172036358359         13.2236689680905578227         324433.944282178840837         0.00000000000000000000        0.393851908573919178035      
   6.23290990763415071480        0.391485533627741534612         13.1993064694334012845         303770.211380292828522         0.00000000000000000000        0.400075529159076107423      
   6.35160583022339722201        0.397496757743795498078         13.1764204858463754447         284418.386543012699008         0.00000000000000000000        0.406397501413008230693      
   6.47256212914538300645        0.403596028696799139960         13.1550110173294803051         266315.484246751790153         0.00000000000000000000        0.412817375981198362439      
   6.59582184969647675014        0.409782626875503028745         13.1350780638827158639         249383.543579036734272         0.00000000000000000000        0.419334626395698895280      
   6.72142885690271454317        0.416055762000781237663         13.1158833679710167732         233534.843630821470967         0.00000000000000000000        0.425948647604971274285      
   6.84942785113025642135        0.422414636743339184634         13.0974269295943830313         218715.646175442657523         0.00000000000000000000        0.432658840787566051676      
   6.97986438399311936954        0.428862624856819750192         13.0804470062878799895         204851.988786056661610         0.00000000000000000000        0.439469006191266210124      
   7.11278487456384797636        0.435412155863126370820         13.0642053405164422965         191849.309960999779634         0.00000000000000000000        0.446392508460148664591      
   7.24823662589289170917        0.442063439994739333845         13.0487019322800699541         179668.796711898700593         0.00000000000000000000        0.453429846501713227144      
   7.38626784184256761530        0.448815716655233955793         13.0346750391138283109         168262.101664438889188         0.00000000000000000000        0.460580496703090440131      
   7.52692764424159926678        0.455668175011511891108         13.0213864034826520165         157573.359360785802551         0.00000000000000000000        0.467843880760528362341      
   7.67026609036633678787        0.462620022496591806022         13.0095742829216064222         147578.176766228737165         0.00000000000000000000        0.475219461740530340553      
   7.81633419075487910748        0.469670319500690398032         12.9977621623605608279         138207.781475872554012         0.00000000000000000000        0.482706518687234565647      
   7.96518392736043802024        0.476818190297927586450         12.9874265568696459329         129449.082569299568306         0.00000000000000000000        0.490304438382459282516      
   8.11686827205040439901        0.484062606556934239594         12.9770909513787310371         121248.208195825249156         0.00000000000000000000        0.498012416301847259559      
   8.27144120545769988805        0.491402540598117924581         12.9682318609579468414         113577.802511793079880         0.00000000000000000000        0.505829669337020341915      
   8.42895773619112281295        0.498836887408026437274         12.9601110280722279953         106404.239292589663428         0.00000000000000000000        0.513755327280202973969      
   8.58947392041152478666        0.506371994708798502441         12.9527284527215744989         99683.7748727563568139         0.00000000000000000000        0.521796462321308733372      
   8.75304688178078465956        0.514019271345917213689         12.9460841349059863521         93385.9384597515601882         0.00000000000000000000        0.529965573373900702405      
   8.91973483179067917065        0.521777845600753155278         12.9401780746254635541         87486.0649947381845095         0.00000000000000000000        0.538262081508117779546      
   9.08959709047888483185        0.529646625587819772096         12.9350102718800061066         81955.5598627467673936         0.00000000000000000000        0.546685175020507225184      
   9.26269410753948332828        0.537624529076922686084         12.9305807266696140088         76782.2438960863544040         0.00000000000000000000        0.555234076689731894110      
   9.43908748383548315553        0.545710353887345808765         12.9268894389942872606         71934.9318771457056698         0.00000000000000000000        0.563907858058158353192      
   9.61883999332101323476        0.553902885175407729565         12.9239364088540258620         67398.2470437721131091         0.00000000000000000000        0.572705599527653807514      
   9.80201560538099009052        0.562200818361463535756         12.9209833787137644634         63149.0289555072364180         0.00000000000000000000        0.581626273960448183880      
   9.98867950759620867873        0.570602829752292477694         12.9195068636436337641         59177.0207938976887263         0.00000000000000000000        0.590668855172123558809      
   10.1788981289419584175        0.579107466788713414331         12.9180303485735030649         55457.4729105782832015         0.00000000000000000000        0.599832153137580557055      
   10.3727391634284202108        0.587714918657654322991         12.9172920910384377152         51977.3869138330346686         0.00000000000000000000        0.609116768588745461017      
   10.5702715941912574827        0.596439694157896176617         12.9172920910384377152         48716.3151367878334099         0.00000000000000000000        0.618538742100926204625      
   10.7715657180409744628        0.605284350789266371948         12.9180303485735030649         45657.3315493171036863         0.00000000000000000000        0.628101251436211226176      
   10.9766931704797782192        0.614247479041411173517         12.9195068636436337641         42794.2197653947085776         0.00000000000000000000        0.637803234315458080807      
   11.1857269511948473036        0.623327560314570815875         12.9209833787137644634         40109.8977704451824771         0.00000000000000000000        0.647643489448230456700      
   11.3987414500370794279        0.632523063731994762465         12.9231981513189605124         37596.1892747008095341         0.00000000000000000000        0.657620825965985778396      
   11.6158124734945633451        0.641832375635106228303         12.9254129239241565613         35242.6275218223878731         0.00000000000000000000        0.667733958928872118276      
   11.8370172716701961921        0.651253813215235764843         12.9291042115994833095         33039.3175272377540459         0.00000000000000000000        0.677981529920549421005      
   12.0624345657730469147        0.660785606596112517336         12.9320572417397447081         30974.9571879945770920         0.00000000000000000000        0.688362079316147476929      
   12.2921445761332493044        0.670425957313329774876         12.9364867869501368059         29044.6999568484085810         0.00000000000000000000        0.698874137645214283678      
   12.5262290507503943893        0.680173682267082183885         12.9409163321605289038         27236.3208087892792744         0.00000000000000000000        0.709516878948021771092      
   12.7647712943855818832        0.690042587729445335151         12.9460841349059863521         25541.5303121997548796         0.00000000000000000000        0.720305860402035598065      
   13.0078561982074837793        0.700037085468625837792         12.9512519376514437996         23952.7155110603557588         0.00000000000000000000        0.731246409571439721757      
   13.2555702700029703943        0.710155286665258069455         12.9571579979319665967         22463.6395565095634073         0.00000000000000000000        0.742337000094693878771      
   13.5080016649630500628        0.720395242369817444240         12.9638023157475547435         21068.3274719108149799         0.00000000000000000000        0.753576046350247247534      
   13.7652402170550784161        0.730754921590268657840         12.9704466335631428903         19759.8461315109654262         0.00000000000000000000        0.764961868218859952372      
   14.0273774709924018266        0.741232255476454237860         12.9778292089137963867         18535.4118701091199082         0.00000000000000000000        0.776492766666718400327      
   14.2945067148128122005        0.751825049951445447685         12.9852117842644498840         17387.4666578616705710         0.00000000000000000000        0.788166875866721235752      
   14.5667230130774069926        0.762531077702425555767         12.9925943596151033804         16313.4932323770899947         0.00000000000000000000        0.799982321425380781183      
   14.8441232407016690375        0.773347985024454723647         13.0007151925008222265         15306.7729031324970377         0.00000000000000000000        0.811937058280853764475      
   15.1268061174308058739        0.784275859566809793158         13.0095742829216064222         14363.9262049278413702         0.00000000000000000000        0.824031760578693658534      
   15.4148722429716174319        0.795329756204510242095         13.0176951158073252682         13479.7341446154490727         0.00000000000000000000        0.836283649541869950734      
   15.7084241327933946389        0.806510688942510323856         13.0272924637631748145         12650.5286769457211760         0.00000000000000000000        0.848694454157385025784      
   16.0075662546105895925        0.817816229806351399775         13.0368898117190243598         11873.0572049522037865         0.00000000000000000000        0.861262116435031119786      
   16.3124050655602405319        0.829243877855965009105         13.0464871596748739051         11144.2203891171776569         0.00000000000000000000        0.873984501268378738935      
   16.6230490500873821641        0.840791049234399858327         13.0560845076307234505         10461.0716726059313544         0.00000000000000000000        0.886859381611183554940      
   16.9396087585519237520        0.852455076837003148716         13.0664201131216383455         9820.82046228181241876         0.00000000000000000000        0.899884435737939643578      
   17.2621968465707342228        0.864233208618481065009         13.0774939761476185910         9220.82582695254890659         0.00000000000000000000        0.913057244183085231330      
   17.5909281151089351321        0.876122610490347887200         13.0878295816385334860         8658.59652240720953031         0.00000000000000000000        0.926375291206410620489      
   17.9259195513346689596        0.888120365456270328367         13.0989034446645137306         8131.77923844753646554         0.00000000000000000000        0.939835962578311441724      
   18.2672903702518819383        0.900235625500161649754         13.1099773076904939761         7637.72235355853661432         0.00000000000000000000        0.953450172868972922790      
   18.6151620571259374479        0.912476693136032108100         13.1217894282515395703         7174.08644540346862462         0.00000000000000000000        0.967227899059779609064      
   18.9696584107171582079        0.924840598740376043847         13.1336015488125851646         6738.63581601120962228         0.00000000000000000000        0.981166502164748241955      
   19.3309055873376829712        0.937324314785310705748         13.1454136693736307589         6330.59414583003913846         0.00000000000000000000        0.995263308712559732760      
   19.6990321457473164472        0.949924686945718386034         13.1572257899346763540         5947.86379999743718638         0.00000000000000000000         1.00951547678544012053      
   20.0741690929043497902        0.962638486698925239929         13.1697761680307872979         5588.90992078170568158         0.00000000000000000000         1.02392008434004808072      
   20.4564499305876331525        0.975462397618979496069         13.1823265461268982418         5252.28174746369462200         0.00000000000000000000         1.03847410263549000289      
   20.8460107029064919768        0.988393014179662431887         13.1948769242230091866         4936.60694960307416945         0.00000000000000000000         1.05317439430424668876      
   21.2429900447153945878         1.00142685036416619374         13.2074273023191201305         4640.59346949476296240         0.00000000000000000000         1.06801772024345055913      
   21.6475292309506006389         1.01457062397559016930         13.2199776804152310744         4362.82762538851376233         0.00000000000000000000         1.08301244315120401675      
   22.0597722269063480985         1.02783336147398085113         13.2332663160464073680         4101.99801723855880686         0.00000000000000000000         1.09816955440369964437      
   22.4798657394684707617         1.04121157220098183634         13.2465549516775836624         3857.38140987665884296         0.00000000000000000000         1.11348584166051890406      
   22.9079592693236791228         1.05470158894160506052         13.2598435873087599560         3627.48510426429636411         0.00000000000000000000         1.12895787221200638454      
   23.3442051641630844653         1.06829968931490542890         13.2731322229399362495         3411.92636781215755293         0.00000000000000000000         1.14458217832146981214      
   23.7887586728989000630         1.08200201715468887354         13.2864208585711125439         3209.37393118010365223         0.00000000000000000000         1.16035509591413610363      
   24.2417780009136137800         1.09580467171230851588         13.3004477517373541871         3019.47954892427551776         0.00000000000000000000         1.17627293200752709376      
   24.7034243663612938912         1.10970362755312665706         13.3137363873685304807         2841.05377916749254275         0.00000000000000000000         1.19233180179317860899      
   25.1738620575410643274         1.12369559679784325294         13.3277632805347721247         2673.78284073697558210         0.00000000000000000000         1.20852869261720799422      
   25.6532584913631671181         1.13779161429653090680         13.3410519161659484183         2516.63583244963801389         0.00000000000000000000         1.22487709444572755472      
   26.1417842729284186313         1.15199351532608377483         13.3550788093321900615         2369.13323245279052554         0.00000000000000000000         1.24137988771799932092      
   26.6396132562422624374         1.16629713238320505695         13.3691057024984317056         2230.37558749147177872         0.00000000000000000000         1.25803301537616344275      
   27.1469226060850253798         1.18069821250790392940         13.3831325956646733488         2100.01145443058699280         0.00000000000000000000         1.27483234377618066639      
   27.6638928610603949676         1.19519240827305114850         13.3971594888309149919         1977.68346394767505392         0.00000000000000000000         1.29177361786237491397      
   28.1907079978445553724         1.20977526539735103167         13.4111863819971566360         1862.76034498685169472         0.00000000000000000000         1.30885242362785811387      
   28.7275554966588467492         1.22444225930632566988         13.4252132751633982792         1754.79623199734198191         0.00000000000000000000         1.32606425580820629063      
   29.2746264079892479278         1.23918879415736163450         13.4392401683296399224         1653.36970145729615533         0.00000000000000000000         1.34340450389251579982      
   29.8321154205764262086         1.25402017928807679118         13.4532670614958815665         1558.02684555346267647         0.00000000000000000000         1.36088015755847120192      
   30.4002209307005503199         1.26894229905606747554         13.4672939546621232097         1468.46273477285556397         0.00000000000000000000         1.37849885768049027477      
   30.9791451127855230925         1.28395052341546637130         13.4813208478283648529         1384.22722013397274943         0.00000000000000000000         1.39625591290026778248      
   31.5690939913477602932         1.29904009684302640360         13.4953477409946064969         1305.00960688847071078         0.00000000000000000000         1.41414649165656394216      
   32.1702775143151202368         1.31420616232899984007         13.5086363766257827905         1230.51345765903343399         0.00000000000000000000         1.43216562653885950182      
   32.7829096277420765845         1.32944378540721591263         13.5226632697920244337         1160.45785283721136827         0.00000000000000000000         1.45030823714900128428      
   33.4072083519477236076         1.34474797100979663210         13.5366901629582660777         1094.66129538937046228         0.00000000000000000000         1.46856915525061420831      
   34.0433958591037094561         1.36011377879286758413         13.5499787985894423713         1032.78147678422600175         0.00000000000000000000         1.48694323290354967187      
   34.6916985522997090470         1.37554745548363883500         13.5640056917556840145         974.546725087522622777         0.00000000000000000000         1.50543862862372997830      
   35.3523471461145739822         1.39105129459100187344         13.5780325849219256585         919.791726133430224965         0.00000000000000000000         1.52405875014922929272      
   36.0255767487218327323         1.40662021169490992947         13.5913212205531019521         868.243308120403300687         0.00000000000000000000         1.54279821335980232009      
   36.7116269455587603612         1.42224900197439104138         13.6046098561842782456         819.715330524745537710         0.00000000000000000000         1.56165149062499574665      
   37.4107418845887935085         1.43793237849045854723         13.6178984918154545401         774.031337764193030304         0.00000000000000000000         1.58061293308238574125      
   38.1231703631876333513         1.45366498773119238834         13.6311871274466308336         731.023787235805623252         0.00000000000000000000         1.59967678398175600801      
   38.8491659166839571893         1.46944142646593271372         13.6444757630778071272         690.588174561010275987         0.00000000000000000000         1.61883720413943789980      
   39.5889869085862479356         1.48525995588816768663         13.6577643987089834216         652.558520342860745200         0.00000000000000000000         1.63809274638593980859      
   40.3428966225278510804         1.50112746861880069478         13.6703147768050943655         616.671299270809433080         0.00000000000000000000         1.65745231484244172175      
   41.1111633559629800101         1.51703963831454683093         13.6828651549012053094         582.896329929939072956         0.00000000000000000000         1.67691125755687078032      
   41.8940605156470137205         1.53299098285742538804         13.6954155329973162533         551.065659861666495623         0.00000000000000000000         1.69646349907511359264      
   42.6918667149350659594         1.54897594884017138423         13.7087041686284925477         521.107253652987958970         0.00000000000000000000         1.71610287497892376836      
   43.5048658729334519202         1.56498890724490108363         13.7205162891895381420         492.832802283014996092         0.00000000000000000000         1.73582306613339800024      
   44.3333473155393379718         1.58102421789895424302         13.7330666672856490859         466.256734053302937665         0.00000000000000000000         1.75561775499058143109      
   45.1776058784045318924         1.59707893481825066663         13.7448787878466946811         441.165927615684893948         0.00000000000000000000         1.77548383497290210677      
   46.0379420118600558541         1.61315868454977270723         13.7566909084077402753         417.528962565884727287         0.00000000000000000000         1.79542869024192256139      
   46.9146618878388421171         1.62925914437598208778         13.7685030289687858696         395.227897132080761150         0.00000000000000000000         1.81544741152149727932      
   47.8080775088346025502         1.64537466523537085196         13.7795768919947661142         374.217009128584347788         0.00000000000000000000         1.83553348739160872630      
   48.7185068189356477106         1.66149950423553656800         13.7913890125558117094         354.391465323047679919         0.00000000000000000000         1.85568024484279389295      
   49.6462738169731695771         1.67762789664108498107         13.8024628755817919540         335.710497136604404722         0.00000000000000000000         1.87588097014295776088      
   50.5917086718242545972         1.69375403025166209497         13.8127984810727068490         318.055294583477193071         0.00000000000000000000         1.89612881769421938059      
   51.5551478399106604504         1.70987796105500205991         13.8238723440986870945         301.436501139200844462         0.00000000000000000000         1.91642426060512813203      
   52.5369341849351714074         1.72600161728194087898         13.8342079495896019894         285.715715526710970579         0.00000000000000000000         1.93676991294728776869      
   53.5374170998981433918         1.74211941343364940752         13.8445435550805168844         270.888616405241519358         0.00000000000000000000         1.95715907060601348544      
   54.5569526314376614454         1.75822560142512133129         13.8548791605714317794         256.903385884056072425         0.00000000000000000000         1.97758479914706463733      
   55.5959036065375589789         1.77431438416722022159         13.8644765085272813256         243.690723427889695415         0.00000000000000000000         1.99804006015801337683      
   56.6546397616483911400         1.79037995661074375900         13.8740738564831308710         231.207236410325052162         0.00000000000000000000         2.01851777607710203776      
   57.7335378742673131260         1.80641884999432756915         13.8836712044389804163         219.428169984467567516         0.00000000000000000000         2.03901379052760854975      
   58.8329818970236893931         1.82243404886224842089         13.8925302948597646120         208.290047669251458251         0.00000000000000000000         2.05953194994447117165      
   59.9533630943181514855         1.83842083606805573460         13.9013893852805488077         197.773471536943044491         0.00000000000000000000         2.08006632924504062331      
   61.0950801815637308569         1.85437353912275577428         13.9102484757013330043         187.827223045810290311         0.00000000000000000000         2.10060978360386929283      
   62.2585394670786190820         1.87028645061646737590         13.9183693085870518504         178.434246989938603917         0.00000000000000000000         2.12115511947670262304      
   63.4441549966810515865         1.88615385615657747741         13.9264901414727706964         169.548860118072185529         0.00000000000000000000         2.14169507310220193132      
   64.6523487010377723855         1.90197237091623509958         13.9338727168234241928         161.141785974992144917         0.00000000000000000000         2.16222533173114648208      
   65.8835505458185177186         1.91774391818059762311         13.9419935497091430389         153.195954171513710113         0.00000000000000000000         2.18274824073063237356      
   67.1381986847099544793         1.93346366359036652999         13.9493761250597965362         145.684923054856932029         0.00000000000000000000         2.20325742179076370470      
   68.4167396153435274433         1.94912608325465249674         13.9560204428753846830         138.560952210587746747         0.00000000000000000000         2.22374560235152169828      
   69.7196283381927060033         1.96472565943353328960         13.9626647606909728297         131.837392892367027769         0.00000000000000000000         2.24420555093888206993      
   71.0473285184961779321         1.98025184516014405374         13.9693090785065609765         125.470824794659690626         0.00000000000000000000         2.26462331821855331906      
   72.4003126512646145857         1.99217176695530158123         13.9730003661818877247         120.701680077710108104         0.00000000000000000000         2.28033407474294727156      
   73.7790622294297292610         1.99896624610514428628         13.9722621086468223751         117.815370455305320499         0.00000000000000000000         2.28930029520232450444      
   75.1840679151954687509         2.00232213629433066838         13.9678325634364302772         116.086540524593558238         0.00000000000000000000         2.29372880649485648419      
   76.6158297146523176238         2.00240979761627681905         13.9626647606909728297         115.580872980025388445        0.631210192480888721976         2.29383919080125125273      
   78.0748571557168560900         2.00032921721846941262         13.9545439278052539837         115.708972111431654235         1.03060751895124288655         2.29108247401937404546      
   79.5616694694598956539         1.99760054806452463472         13.9449465798494044375         115.914144314576866311         1.31336015488127180522         2.28746831684954673699      
   81.0767957748877226010         1.99450867214336286534         13.9331344592883588432         116.116861145424624953         1.54443476335672624788         2.28337401431466256794      
   82.6207752672422084533         1.99114192256069490118         13.9205840811922478993         116.306307876025040775         1.74597907042956670422         2.27891675638612803542      
   84.1941574098867984363         1.98761869735800659120         13.9058189304909409056         116.445593889555447473         1.92537565145044667087         2.27425322022154296521      
   85.7975021298466655473         1.98393383947725201533         13.8903155222545685631         116.554204319752527083         2.09000708177001964447         2.26937678989673219864      
   87.4313800170726179092         1.98017728119169076110         13.8740738564831308710         116.610291817878522061         2.24134987645841632408         2.26440630986431838049      
   89.0963725274996724765         1.97630323424739099347         13.8563556756415624787         116.612588152161104654         2.38383358072602880798         2.25928138923464246488      
   90.7930721899725584126         1.97238831901565260898         13.8386374947999940873         116.561728666226940537         2.51745819457285709597         2.25410318667990004814      
   92.5220828171117899361         1.96844266687493905661         13.8194427988882949957         116.448541246623668739         2.64370023306903188733         2.24888504306016969109      
   94.2840197201953502185         1.96442387257344260986         13.7987715879064652058         116.287795198870768459         2.76477446881974923097         2.24357100516114787297      
   96.0795099281324576496         1.96040821586083421782         13.7781003769246354149         116.060502074314329905         2.87994264428994377748         2.23826162758858203524      
   97.9091924106073414127         1.95640303430038427635         13.7566909084077402753         115.767351293700585003         2.98994301701468087650         2.23296650227984989283      
   99.7737183054724378756         1.95236746854729405329         13.7338049248207144356         115.421730652407756978         3.09625210206409122709         2.22763169751789682983      
   101.673751150471931050         1.94836957863193146838         13.7109189412336885967         114.998117468498210460         3.19813164190310947983         2.22234682112558148319      
   103.609967119378101941         1.94435470107578046322         13.6872947001115974073         114.532266719375573599         3.29705815160186633378         2.21703976264168861545      
   105.583055262624521529         1.94038795841868017380         13.6629322014544408691         113.990353983600141353         3.39229337362529643953         2.21179621473214945543      
   107.593717752521722777         1.93644803006937614117         13.6378314452622189804         113.389647611062600138         3.48457556550846514671         2.20658798339613377920      
   109.642670133142617790         1.93255440449054169112         13.6119924315349317421         112.727802852866715207         3.57390472725137245511         2.20144064100773115939      
   111.730641574966587909         1.92867695809935907683         13.5861534178076445046         112.014089682727820213         3.66101911638908371479         2.19631439061735050521      
   113.858375134372868255         1.92488029904663336819         13.5588378890102265670         111.226170810751500612         3.74518047538653357570         2.19129422562203318475      
   116.026628018075573787         1.92113041463948956667         13.5315223602128086302         110.384108865720736249         3.82712706177878738767         2.18633523809005391315      
   118.236171852594472792         1.91744054521677715567         13.5042068314153906926         109.487060294383603050         3.90685887556584515051         2.18145477197332721283      
   120.487792958857405527         1.91376904103352806082         13.4754147875478420557         108.537599232336110407         3.98511417428277221428         2.17659783577585523432      
   122.782292632032071909         1.91018023696518545471         13.4466227436802934197         107.533030037953236488         4.06115470039450322890         2.17184909973295874747      
   125.120487426686773882         1.90668626348022962765         13.4170924422776794331         106.464941448013296614         4.13498045390103819482         2.16722444464641072906      
   127.503209447381593351         1.90324042364722682775         13.3875621408750654466         105.354706625631832632         4.20732969233744246102         2.16266226709131064842      
   129.931306644793420110         1.89990988556144533282         13.3572935819373861104         104.182798322280477987         4.27746415816865067829         2.15825099794242213753      
   132.405643117480213242         1.89664478935136620902         13.3262867654646414255         102.970876809419309907         4.34612210892972819672         2.15392486828373693982      
   134.927099419391885879         1.89345217253799741612         13.2952799489918967396         101.711576965196509037         4.41330354462067501542         2.14969307430088408086      
   137.496572873237249329         1.89033874348193741050         13.2642731325191520538         100.415126880752332998         4.47900846524149113485         2.14556441125611534171      
   140.114977889818535253         1.88731088638840170018         13.2325280585113420184         99.0747627611378352749         4.54323687079217655499         2.14154724473738078362      
   142.783246293447139530         1.88437466133608509103         13.2000447269684666341         97.6925930266484973674         4.60598876127273127584         2.13764953348629776282      
   145.502327653556394874         1.88153589623973025650         13.1682996529606565986         96.2791274818545867176         4.66726413668315529741         2.13387896723457530230      
   148.273189622629384898         1.87879999564297449442         13.1350780638827158639         94.8284478706750555213         4.72706299702344861970         2.13024266838109832827      
   151.096818280562059197         1.87610481535219047783         13.1025947323398404788         93.3608125584629252036         4.78612359982867659235         2.12665854615758610573      
   153.974218485584200419         1.87358873545081167338         13.0693731432618997449         91.8509289390603585954         4.84296943002870851564         2.12330945052582871946      
   156.906414231863126488         1.87112103044006722254         13.0361515541839590102         90.3210475478357050425         4.89907700269367508972         2.12002265454069460941      
   159.894449013917390442         1.86870347206078115179         13.0021917075709529258         88.7731729272516770432         4.95444631782357631416         2.11680045417222150199      
   162.939386197970163525         1.86647835315930429693         12.9682318609579468414         87.1921537390791560260         5.00760086034828148923         2.11383118368773644620      
   166.042309400374456879         1.86423842819884350670         12.9335337568098754073         85.6140867225954965633         5.06075540287298666475         2.11084058788029455076      
   169.204322873244853515         1.86219776644285402352         12.8995739101968693230         84.0089080879063120622         5.11169517279249579090         2.10811220509544065892      
   172.426551897432987714         1.86021679133166567522         12.8648758060487978898         82.3957195195206205385         5.16189668517693956784         2.10546124942726041885      
   175.710143182986621407         1.85829640247977634761         12.8309159594357918054         80.7835881906347922574         5.21135994002631799471         2.10288892780861387381      
   179.056265277234831115         1.85651043781496367783         12.7954795977526550217         79.1539688857081557144         5.25934667980556572230         2.10049328021677931665      
   182.466108980644532558         1.85478735767497700520         12.7607814936045835877         77.5299171779394469192         5.30659516204974810024         2.09817948082326661695      
   185.940887770596335840         1.85312733923911395905         12.7253451319214468040         75.9002251768169873963         5.35310538675886512898         2.09594777835370408257      
   189.481838233230542312         1.85160548615904562613         12.6906470277733753708         74.2741393102195937015         5.39813909639785145800         2.09389817090483051085      
   193.090220503516966213         1.85022300043248890528         12.6552106660902385872         72.6480225299524811980         5.44169629096670708773         2.09203252212533408953      
   196.767318713705190905         1.84882985863217903962         12.6205125619421671531         71.0348582091302319999         5.48525348553556271747         2.09015118904214922883      
   200.514441450314851667         1.84757640017128402102         12.5850762002590303695         69.4260046807181037121         5.52733416503428764792         2.08845452881599762747      
   204.332922219828576699         1.84638686939329100113         12.5496398385758935858         67.8285588069805822006         5.56867658699794722873         2.08684174182456474403      
   208.224119923253314229         1.84533731495988029411         12.5142034768927568021         66.2345550064679382263         5.60854249389147611025         2.08541451398815172588      
   212.189419339718930574         1.84427425497278653789         12.4787671152096200184         64.6706450584475694976         5.64840840078500499178         2.08396799700359028145      
   216.230231619286179523         1.84335011696343301145         12.4425924959914178860         63.1084629882276549918         5.68679779260840317402         2.08270599933861545652      
   220.347994785139420879         1.84248729874621330828         12.4071561343082811023         61.5698159346100221019         5.72444892689673600619         2.08152497819842371507      
   224.544174245342806021         1.84168467491200354925         12.3717197726251443186         60.0504110414803881461         5.76136180365000348915         2.08042353258537924621      
   228.820263314342051506         1.84101888526299450053         12.3370216684770728846         58.5493279126803321914         5.79679816533314027282         2.07950465597858597118      
   233.177783744397390323         1.84033330596677849377         12.3008470492588707513         57.0721849159233262788         5.83223452701627705606         2.07855834217171473333      
   237.618286267136823706         1.83978213327846020018         12.2661489451107993173         55.6159754399810452238         5.86619437362928314045         2.07779179887107141953      
   242.143351145422399670         1.83928607800089130792         12.2307125834276625344         54.1790335786523353442         5.89941596270722387520         2.07709872007674360315      
   246.754588735725912424         1.83876537318862686907         12.1952762217445257508         52.7726897789046140927         5.93263755178516460952         2.07637175481862582709      
   251.453640061214159077         1.83837484161314970103         12.1598398600613889671         51.3905852843880031587         5.96438262579297464455         2.07581958805908638860      
   256.242177395747699226         1.83803458994185031129         12.1244034983782521834         50.0301932556897759885         5.99538944226571933038         2.07533478025877291483      
   261.121904859000948690         1.83774281261841926382         12.0897053942301807494         48.7008901530339440300         6.02565800120339866612         2.07491504985344453536      
   266.094559022915395197         1.83749768422883454977         12.0542690325470439657         47.3945815404809579693         6.05518830260601265223         2.07455804978217235373      
   271.161909529701757343         1.83737600782267182032         12.0195709283989725317         46.1162642453315347810         6.08324208893849593949         2.07436802372017664781      
   276.325759721611018488         1.83721885669027884698         11.9848728242509010985         44.8658546024157130934         6.11129587527097922631         2.07412983922239561548      
   281.587947282698455143         1.83710277868699861236         11.9501747201028296645         43.6436222792319585967         6.13861140406839716349         2.07394725494227419793      
   286.950344892809047381         1.83702582912602549350         11.9154766159547582305         42.4460402437120642126         6.16518867533074975146         2.07381775566287464611      
   292.414860894017008125         1.83698606965675460074         11.8807785118066867964         41.2807845808676393100         6.19102768905803698936         2.07373885591862086456      
   297.983439969756600696         1.83698155345367283799         11.8468186651936807120         40.1439209652174770968         6.21612844525025887762         2.07370802762612050068      
   303.658063836885929648         1.83701023269646587647         11.8121205610456092789         39.0322219661327532228         6.24049094390741541623         2.07372259763366371390      
   309.440751950929993364         1.83707015123172546492         11.7781607144326031945         37.9490972728274150935         6.26411518502950660520         2.07378003041521072401      
   315.333562224753976344         1.83715935116453708495         11.7442008678195971101         36.8944280489901131233         6.28700116861653244453         2.07387777180796656243      
   321.338591760922539259         1.83727581686500087094         11.7102410212065910257         35.8680346781611460831         6.30914889466849293466         2.07401318269591598571      
   327.457977598005734232         1.83741740224140687394         11.6762811745935849413         34.8666289130611718253         6.33055836318538807470         2.07418342682917723730      
   333.693897471097137841         1.83750507095644361561         11.6423213279805788569         33.8938601038233219553         6.35196783170228321475         2.07428005856299440234      
   340.048570586814850047         1.83769139894269150054         11.6090997389026381230         32.9479485411211992715         6.37190078514904765551         2.07451263124251914210      
   346.524258413061163192         1.83782024569597600926         11.5758781498246973883         32.0296108625462959893         6.39183373859581209584         2.07466662256054969410      
   353.123265483821955957         1.83796691357378467612         11.5419183032116913039         31.1351271875761088891         6.41102843450751118696         2.07484555213642266188      
   359.847940219292220521         1.83812936778903662305         11.5086967141337505691         30.2670616907232426403         6.42948487288414492844         2.07504671128143684290      
   366.700675761619584808         1.83830596271010838431         11.4754751250558098353         29.4223939120330832478         6.44720305372571332028         2.07526790602224638993      
   373.683910826563249724         1.83849478840036753742         11.4429917935129344501         28.6060834393791529346         6.46418297703221636247         2.07550659352125213141      
   380.800130571371425431         1.83861797261782238975         11.4097702044349937154         27.8092249440781928774         6.48116290033871940467         2.07565486722339735183      
   388.051867479186122417         1.83882607393445637477         11.3780251304271836799         27.0404064411472689951         6.49666630857509174715         2.07592141320816321831      
   395.441702260290034593         1.83896570123166442788         11.3455417988843082948         26.2950261038658136999         6.51216971681146409006         2.07609348909842950028      
   402.972264770516245658         1.83911085021954378237         11.3130584673414329106         25.5687091531305384050         6.52693486751277108333         2.07627371730741832169      
   410.646234947147597022         1.83918515492279244228         11.2805751357985575255         24.8646060585668585499         6.54170001821407807660         2.07635573215817782950      
   418.466343762638781190         1.83933719511144298472         11.2488300617907474900         24.1867922623657898781         6.55498865384525437015         2.07654654982198372628      
   426.435374196500565580         1.83941567160819852849         11.2170849877829374545         23.5256353155054230737         6.56827728947643066414         2.07663516393780440516      
   434.556162225692015649         1.83949396197850767421         11.1853399137751274199         22.8863332506222404584         6.58082766757254160805         2.07672390418971766139      
   442.831597833873174153         1.83957062869392246876         11.1535948397673173845         22.2684635865819133202         6.59263978813358720275         2.07681079840889654640      
   451.264626039877362162         1.83957093381597667668         11.1225880232945726987         21.6677863647790317752         6.60445190869463279746         2.07679099902083817231      
   459.858247945769111370         1.83956718815758357342         11.0908429492867626632         21.0874836087052857786         6.61552577172061304208         2.07676573750010607907      
   468.615521804860703237         1.83955831923398126747         11.0598361328140179782         20.5269953252510836926         6.62586137721152793750         2.07673353542368907087      
   477.539564110067396546         1.83947021059450801356         11.0288293163412732924         19.9803448262259820273         6.63619698270244283249         2.07658997801022284554      
   486.633550702988660286         1.83944758720089080958         10.9985607574035939562         19.4564440308909580492         6.64505607312322702862         2.07653888229198071579      
   495.900717904110106909         1.83934375410147419639         10.9675539409308492704         18.9472372064754274127         6.65391516354401122433         2.07637342508388157572      
   505.344363664528335806         1.83915912328288679934         10.9365471244581045854         18.4522190300636828812         6.66277425396479542003         2.07609379874631329549      
   514.967848739608557163         1.83896439381141767286         10.9062785655204252493         17.9747152924306637656         6.67089508685051426652         2.07579976432121263022      
   524.774597884992670682         1.83875871553256571534         10.8760100065827459131         17.5126637681670255849         6.67827766220116776294         2.07549012180724186220      
   534.768101075383429255         1.83847019047259183208         10.8457414476450665769         17.0650361689407096683         6.68566023755182125936         2.07506278142936882269      
   544.951914746538421341         1.83823997869984170829         10.8162111462424525912         16.6359402422547013305         6.69156629783234405693         2.07471809339094735583      
   555.329663060915866668         1.83785588605263977416         10.7859425873047732550         16.2149352562896631978         6.69821061564793220370         2.07415430121119498137      
   565.905039197422636887         1.83752780101087441283         10.7571505434372246181         15.8131873316525678264         6.70337841839338965120         2.07366989861039291367      
   576.681806665723489469         1.83704631808816509200         10.7268819844995452828         15.4187085030978914511         6.70928447867391244876         2.07296631513524705522      
   587.663800645579244786         1.83661953935934326376         10.6973516830969312963         15.0412665473971773177         6.71371402388430454661         2.07234026622870427348      
   598.854929351690543127         1.83610836730747520199         10.6685596392293826594         14.6755944905989785428         6.71814356909469664447         2.07159306103636912922      
   610.259175424532894494         1.83558120880161658017         10.6397675953618340234         14.3223808504302695700         6.72183485677002339267         2.07082234544563393111      
   621.880597347677985032         1.83496996484256685552         10.6102372939592200368         13.9787822182148944615         6.72552614444535014088         2.06993050418991525875      
   633.723330892105628620         1.83434345073679707706         10.5814452500916713999         13.6480926026512464754         6.72847917458561153988         2.06901670037485063583      
   645.791590588020357866         1.83363375961271600977         10.5526532062241227630         13.3263668466841161487         6.73143220472587293845         2.06798312988677370676      
   658.089671224696436902         1.83290796244072184615         10.5238611623565741270         13.0157945080619253230         6.73364697733106898738         2.06692596047801861302      
   670.621949378885053084         1.83209917854348691604         10.4958073760240908397         12.7148229383400820309         6.73586174993626503630         2.06574877461542782725      
   683.392884972327609105         1.83127395898817027162         10.4670153321565422028         12.4244003569224084711         6.73733826500639573559         2.06454731123061776925      
   696.407022858929395270         1.83036589496143707329         10.4389615458240589164         12.1429253310257161107         6.73881478007652643487         2.06322563230688361285      
   709.668994442158476754         1.82944154461444940618         10.4109077594915756292         11.8714789245367763155         6.73955303761159178451         2.06187973714478353323      
   723.183519323245387944         1.82843507274004113330         10.3828539731590923419         11.6072073270216782545         6.74029129514665713415         2.06041429888998283652      
   736.955406980770186098         1.82741228088947246235         10.3555384443616744052         11.3535687187185108027         6.74029129514665713415         2.05892447241793122119      
   750.989558482234586256         1.82630813849360353757         10.3274846580291911179         11.1055411398813215548         6.74029129514665713415         2.05731587383664000774      
   765.290968228228285108         1.82518795582886512758         10.3001691292317731803         10.8686986960431283206         6.73955303761159178451         2.05568318952947607075      
   779.864725729810175592         1.82398735693085184396         10.2721153428992898939         10.6370116850129544034         6.73881478007652643487         2.05393277667338847387      
   794.716017419736979632         1.82277095125964426947         10.2455380716369373060         10.4149463566955594778         6.73733826500639573559         2.05215851617450768698      
   809.850128498183869152         1.82147523716595131004         10.2182225428395193692         10.1986468018457159630         6.73586174993626503630         2.05026785624460315574      
   825.272444813613919090         1.82010096447800010476         10.1909070140421014316         9.98890745592018627040         6.73438523486613433702         2.04826166352343265594      
   840.988454779465750000         1.81871210473533872793         10.1635914852446834940         9.78617670890141463057         6.73217046226093828809         2.04623318489200784961      
   857.003751327341456390         1.81730860842492813936         10.1377524715173962565         9.59307897455889458781         6.72921743212067688953         2.04418244154256854438      
   873.324033897389916059         1.81576565665470422131         10.1104369427199783189         9.40058934890789473990         6.72700265951548084017         2.04192668930136532360      
   889.955110466593802776         1.81420937893247219495         10.0838596714576257309         9.21732410340929528975         6.72404962937521944160         2.03965036565064596107      
   906.902899615682122514         1.81264019852495852035         10.0580206577303384935         9.04126829430024572289         6.72035834169989269339         2.03735416029335382254      
   924.173432635403833635         1.81099603777311467614         10.0314433864679859055         8.86969377643458028581         6.71666705402456594518         2.03494697549671282270      
   941.772855672912119485         1.80927839329788036336         10.0056043727406986672         8.70247578950179655720         6.71297576634923919697         2.03243083357106763356      
   959.707431919023160105         1.80754901243410276261         9.97902710147834608005         8.54198651864689052857         6.70854622113884709912         2.02989642555792380776      
   977.983543837127790865         1.80574765061783871036         9.95392634528612419136         8.38640100593283995857         6.70411667592845500084         2.02725511829585643250      
   996.607695434549262781         1.80387513337709112424         9.92808733155883695390         8.23471911431368545822         6.69968713071806290299         2.02450796496033047912      
   1015.58651457715542371         1.80199274404302531988         9.90224831783154971557         8.08933228265836846548         6.69451932797260545549         2.02174524738143588081      
   1034.92675534804903081         1.80004095703236126423         9.87640930410426247724         7.94761606780669669498         6.68935152522714800800         2.01887915650206717561      
   1054.63530045117559497         1.79802083425361813570         9.85130854791204058941         7.80943998277823124132         6.68418372248169056007         2.01591113346389863136      
   1074.71916366070413795         1.79599282716182248305         9.82620779171981870072         7.67792365079900174674         6.67827766220116776294         2.01293048909568632289      
   1095.18549231705253921         1.79389800976567672080         9.80110703552759681290         7.54894782660137363519         6.67237160192064496581         2.00985007604382022776      
   1116.04156987044573890         1.79173778089587735010         9.77600627933537492421         7.42398159480259207292         6.66646554164012216867         2.00667187578635589692      
   1137.29481847291199159         1.78957159184053301280         9.75090552314315303552         7.30450140848334848916         6.65982122382453402146         2.00348394009411839953      
   1158.95280161963959176         1.78734153716814604229         9.72654302448599649734         7.18876776531136023156         6.65317690600894587468         2.00020045771653133190      
   1181.02322684063406688         1.78504910234978713931         9.70218052582883995830         7.07523381470877776823         6.64653258819335772791         1.99682354169304246243      
   1203.51394844363372838         1.78269510267011597256         9.67707976963661807047         6.96454023812437936734         6.63988827037776958070         1.99335433255727949655      
   1226.43297030925971680         1.78033831343483598981         9.65271727097946153143         6.85965262058213748678         6.63250569502711608428         1.98988018200893716770      
   1249.78844873939526361         1.77792179922808209571         9.62835477232230499238         6.75673118104761536232         6.62512311967646258786         1.98631646499250143873      
   1273.58869535980783627         1.77544686817117706415         9.60473053120021380384         6.65708488762679121602         6.61774054432580909101         1.98266509049864188090      
   1297.84218007804713646         1.77297125296231642311         9.58110629007812261444         6.56226130062216969890         6.60961971144009024495         1.97901203563291818040      
   1322.55753409767159301         1.77038270613608869630         9.55674379142096607626         6.46754848056989563743         6.60223713608943674810         1.97519005230338022614      
   1347.74355298987603669         1.76779537048280491771         9.53311955029887488685         6.37752380130288273625         6.59411630320371790204         1.97136925197466067667      
   1373.40919982361367124         1.76520989504866048512         9.50949530917678369831         6.29208083208928640236         6.58525721278293370634         1.96755073393601269795      
   1399.56360835532627285         1.76251515952276581662         9.48587106805469250891         6.20658954367733046997         6.57713637989721485984         1.96356863278087840231      
   1426.21608627941776160         1.75982385158733075736         9.46298508446766666914         6.12615904314096047355         6.56827728947643066414         1.95959121990058087489      
   1453.37611854062790795         1.75708141876189255666         9.44009910088064083025         6.04721769022955203329         6.55941819905564646800         1.95553703333630162387      
   1481.05337070948496292         1.75428915409321632343         9.41647485975854964084         5.97032812567802656642         6.55055910863486227230         1.95140801167244784401      
   1509.25769242203845155         1.75144814902151097185         9.39432713370658915158         5.89605474840291771295         6.54170001821407807660         1.94720579592176938611      
   1537.99912088509624308         1.74861380682394916867         9.37144115011956331182         5.82535531569255948890         6.53210267025822853082         1.94301335567473993564      
   1567.28788444821332382         1.74567853784090042688         9.34855516653253747292         5.75435357879387248325         6.52324357983744433512         1.93866962016233780239      
   1597.13440624370345378         1.74275205770146741685         9.32640744048057698280         5.68802541715402627115         6.51364623188159478934         1.93433896743733996075      
   1627.54930789596909368         1.73978095412350624238         9.30352145689355114391         5.62290054715533284876         6.50404888392574524400         1.92994141521943709324      
   1658.54341330146966149         1.73676650969021920069         9.28137373084159065378         5.56013415555859061941         6.49445153596989569822         1.92547892595900480440      
   1690.12775248067331268         1.73376326868676415636         9.25996426232469551417         5.50125472328459103749         6.48411593047898080324         1.92103338703645186653      
   1722.31356550336305711         1.73066541362608192298         9.23707827873766967441         5.44134335699604889964         6.47451858252313125746         1.91644604569407665654      
   1755.11230648869412885         1.72758069981030337834         9.21566881022077453479         5.38524256105874274620         6.46418297703221636247         1.91187869795403310685      
   1788.53564768142613084         1.72445662975111022085         9.19425934170387939431         5.33131386650351983027         6.45384737154130146706         1.90725260132389669591      
   1822.59548360578058002         1.72129465946817555508         9.17211161565191890506         5.27840056014224582931         6.44351176605038657207         1.90256997915225869891      
   1857.30393529840210820         1.71809577912727195776         9.15144040467008911422         5.22759995384045262051         6.43317616055947167665         1.89783237911467916111      
