   1.00000000000000000000        0.133952056687989746428         28.2088204148470251612         72180425.4084106952214         0.00000000000000000000        0.128505362149721468715      
   1.01910429885302216801        0.135494229003218491587         27.6551272635480129194         67361809.9093811911152         0.00000000000000000000        0.130070640037517576960      
   1.03857357194070992019        0.137061899820585516004         27.1309644136516146615         62940872.8030851867661         0.00000000000000000000        0.131662425962162326853      
   1.05841479183991596076        0.138654296659020949626         26.6296875473422422452         58858099.1043819546867         0.00000000000000000000        0.133279952283890296914      
   1.07863506433368496395        0.140271282791868890104         26.1535114372250917167         55091310.9141080215668         0.00000000000000000000        0.134923089681291149671      
   1.09924163095606447396        0.141912440709891914803         25.6994830531599016774         51609583.5280262952365         0.00000000000000000000        0.136591430838974288214      
   1.12024187158553263394        0.143577220871432111884         25.2661258800765414281         48381564.7921882140581         0.00000000000000000000        0.138284436833966647027      
   1.14164330708797153173        0.145265300313317184162         24.8534399179750109705         45388638.0843023816415         0.00000000000000000000        0.140001797209295412202      
   1.16345360201013270102        0.146976109050876804036         24.4584721367150489026         42606155.1152296866603         0.00000000000000000000        0.141742953629808626727      
   1.18568056732455938916        0.148709291333319176636         24.0819607938317205784         40019841.0332707877278         0.00000000000000000000        0.143507563516981684988      
   1.20833216322694864272        0.150464257921086370617         23.7216911167198299462         37609963.9294036433239         0.00000000000000000000        0.145295049583781536265      
   1.23141650198695503261        0.152240622016138256117         23.3769248478443116574         35365373.7525041403787         0.00000000000000000000        0.147105038606207064110      
   1.25494185085345698793        0.154037775815833612530         23.0469237296701003597         33270018.4002612888544         0.00000000000000000000        0.148936933988422980264      
   1.27891663501532620287        0.155857297695441949839         22.7309495046621307078         31313040.2102269648876         0.00000000000000000000        0.150792360672803762411      
   1.30334944061876046987        0.157703741540789694017         22.4267874002152066484         29477097.1251407817708         0.00000000000000000000        0.152675953159649050386      
   1.32824901784226053977        0.159577071600616343560         22.1351756738643935338         27756393.8422024883439         0.00000000000000000000        0.154587679606950488000      
   1.35362428403035225900        0.161476872426680647819         21.8546378105395606647         26143227.0160872340748         0.00000000000000000000        0.156527130594082090065      
   1.37948432688717627099        0.163402618145741713394         21.5844355527056426889         24628514.9628542528644         0.00000000000000000000        0.158493787213441007818      
   1.40583840773108901016        0.165353944987234264760         21.3245689003626396098         23207802.9494923500588         0.00000000000000000000        0.160487298357975786823      
   1.43269596481144056489        0.167330379188910929484         21.0750378535105514256         21874900.6269400075198         0.00000000000000000000        0.162507201990376552858      
   1.46006661668871725722        0.169331345821888196675         20.8343658970792474372         20622494.4056146361036         0.00000000000000000000        0.164552933523254961331      
   1.48796016567925947578        0.171356341032653147091         20.6025530310687276462         19445545.9766300286319         0.00000000000000000000        0.166624001478336876758      
   1.51638660136578842753        0.173405003923097088698         20.3795992554789920492         18342101.5647406966691         0.00000000000000000000        0.168720062316676073187      
   1.54535610417499904299        0.175476633884104750698         20.1647663127749752991         17304658.0445475368651         0.00000000000000000000        0.170840423592078861865      
   1.57487904902350028314        0.177570682103647301523         19.9573159454216120454         16329134.9077357696333         0.00000000000000000000        0.172984549188322797960      
   1.60496600903340858231        0.179690440466987907500         19.7579864109539676386         15412502.0689059188653         0.00000000000000000000        0.175155825580340958737      
   1.63562775931892509637        0.181838693019282872447         19.5653011943019113777         14547751.6794605069335         0.00000000000000000000        0.177357102294908070006      
   1.66687528084525285585        0.184015045116781335616         19.3785220379303779140         13733130.6198073338546         0.00000000000000000000        0.179587991409637320525      
   1.69871976436123582415        0.186218926189952586707         19.1976489418393672474         12964865.6213935437427         0.00000000000000000000        0.181847927792405795035      
   1.73117261440712826926        0.188449886952394790981         19.0234201635639447285         12241305.9548758871979         0.00000000000000000000        0.184136475667478638582      
   1.76424545339892975776        0.190707386233554876452         18.8543591880339796579         11559879.1345181675661         0.00000000000000000000        0.186453105695245517206      
   1.79795012579074850630        0.192990860361064143409         18.6919425303196027333         10918143.0531858064451         0.00000000000000000000        0.188797266465238746552      
   1.83229870231668376564        0.195299664718537548041         18.5339554178156179064         10313062.0037616810123         0.00000000000000000000        0.191168323359679002713      
   1.86730348431374639417        0.197633265259422516696         18.3811361080570905280         9743268.66559979048543         0.00000000000000000000        0.193565757153811034049      
   1.90297700812736579720        0.199990983642844666758         18.2327463435089552456         9206045.73963185793946         0.00000000000000000000        0.195988899287421763595      
   1.93933204960106098872        0.202372771728878833987         18.0902626392413427622         8700677.69013364958482         0.00000000000000000000        0.198437732559593871313      
   1.97638162865188366836        0.204783011765436841520         17.9522084801841223765         8223155.36038583977643         0.00000000000000000000        0.200916770403763973206      
   2.01413901393327193388        0.207222639149936754452         17.8171073512671633895         7772377.38534030237997         0.00000000000000000000        0.203426988228469195802      
   2.05261772758698454126        0.209691080229514358437         17.6871740250956618491         7346934.15170103538685         0.00000000000000000000        0.205967819106798163381      
   2.09183155008581753891        0.212187677333881811542         17.5601937290644217089         6944991.81509710620730         0.00000000000000000000        0.208538611788527140871      
   2.13179452516883760670        0.214711919644742971612         17.4383812357786390154         6566233.67903619744311         0.00000000000000000000        0.211138873209792725318      
   2.17252096487089956835        0.217263048119370843976         17.3195217726331177205         6208486.74400035635517         0.00000000000000000000        0.213767848894605265938      
   2.21402545464824930879        0.219840398085714343437         17.2036153396278578241         5870639.77112160579009         0.00000000000000000000        0.216424885525979932181      
   2.25632285860204774217        0.222443393210477120502         17.0914001942979246768         5552385.20614890710067         0.00000000000000000000        0.219109426031737898900      
   2.29942832480168654228        0.225071271273175433484         16.9836145941783836257         5252221.43536220390934         0.00000000000000000000        0.221820715777473524902      
   2.34335729070980208766        0.227725069403245258774         16.8773055091289732755         4968614.52757202988778         0.00000000000000000000        0.224559853048410887802      
   2.38812548871093049485        0.230410649734317864729         16.7746877117548896727         4700425.33282311010225         0.00000000000000000000        0.227332899324905866447      
   2.43374895174578372882        0.233127979034148325498         16.6750229445210674702         4446851.16064081116792         0.00000000000000000000        0.230139839873040608005      
   2.48024401905316460863        0.235876410347775047752         16.5783112074275066645         4207163.01858408692215         0.00000000000000000000        0.232980036852663653684      
   2.52762734202157707351        0.238655214866833863897         16.4830759854040765581         3980388.94006906677873         0.00000000000000000000        0.235852767435679638785      
   2.57591589015262735951        0.241463735981825880722         16.3915320510559732008         3766142.45499860258292         0.00000000000000000000        0.238757390531808773253      
   2.62512695713835177537        0.244301290812706533521         16.3022028893130658932         3564004.57601366352719         0.00000000000000000000        0.241693240409202234759      
   2.67527816705464756330        0.247167030485132038881         16.2150885001753546338         3372857.09651642779568         0.00000000000000000000        0.244659471474541007142      
   2.72638748067302491476        0.250060226649011777320         16.1309271411779047729         3192348.37582059622537         0.00000000000000000000        0.247655371097772375580      
   2.77847320189294058287        0.252981340237730438763         16.0482422972505856112         3021632.94404820085265         0.00000000000000000000        0.250681451565703303935      
   2.83155398429701671845        0.255936985619639654674         15.9685104834635278482         2860228.91006346281802         0.00000000000000000000        0.253744587424274217009      
   2.88564883783149256444        0.258927533487044946774         15.8895169272115354348         2707266.57406385225681         0.00000000000000000000        0.256845181943658494946      
   2.94077713561430150011        0.261952360211219677607         15.8142146586348697696         2562701.43661865499621         0.00000000000000000000        0.259982630603091773909      
   2.99695862087321161673        0.265010633274539342193         15.7396506475932694540         2425785.04832000803390         0.00000000000000000000        0.263156105023391159693      
   3.05421341401651461230        0.268101615605982705249         15.6673014091568651883         2296305.05127277254223         0.00000000000000000000        0.266364885748140652532      
   3.11256201983879523219        0.271224500335592486348         15.5964286857905916209         2173884.80286192122435         0.00000000000000000000        0.269608180185882168717      
   3.17202533486436189067        0.274378414853702275292         15.5277707350295141025         2058027.24202281502642         0.00000000000000000000        0.272885125238325776734      
   3.23262465483096837781        0.277562580089525169603         15.4605892993385672842         1948660.68111532605178         0.00000000000000000000        0.276194964021395633418      
   3.29438168231650682898        0.280779922603622145817         15.3948843787177511644         1845073.61637643319500         0.00000000000000000000        0.279540773099806146734      
   3.35731853451140331069        0.284036069743765446272         15.3313942307021310943         1747049.43637436793767         0.00000000000000000000        0.282928433362091351512      
   3.42145775113949957881        0.287330289773791315941         15.2693805977566417226         1654104.21287822203408         0.00000000000000000000        0.286357217765802246617      
   3.48682230253025772699        0.290661821775917569085         15.2081052223462177015         1566113.95283247314444         0.00000000000000000000        0.289826385035698411819      
   3.55343559784517864434        0.294029828602323273662         15.1490446195409897284         1482840.26072625813310         0.00000000000000000000        0.293335114401201278814      
   3.62132149346138043264        0.297433439559874857939         15.0907222742708271059         1404052.11771328749319         0.00000000000000000000        0.296882552309538373555      
   3.69050430151533920753        0.300871751100694921578         15.0346147016058605313         1329525.47057180816478         0.00000000000000000000        0.300467811668966608462      
   3.76100879860985207940        0.304343799597716712935         14.9792453864759593073         1258963.66654675049529         0.00000000000000000000        0.304089940816058355258      
   3.83286023468734055888        0.307850713746133904233         14.9253525864161887826         1192290.93531277908392         0.00000000000000000000        0.307750177584702427268      
   3.90608434207267219709        0.311399473844192042617         14.8729363014265489572         1129029.89019062693058         0.00000000000000000000        0.311455835178348200193      
   3.98070734468873899830        0.314990147824530638626         14.8219965315070398302         1069162.08835584899077         0.00000000000000000000        0.315207037979273586647      
   4.05675596744809299462        0.318621803247767868737         14.7710567615875307040         1012393.24330404315270         0.00000000000000000000        0.319002862779276585441      
   4.13425744582400243312        0.322293561737933048351         14.7223317642732176268         958646.579311316159647         0.00000000000000000000        0.322842456845054856854      
   4.21323953560435628075        0.326004472304418642126         14.6743450244939698992         907776.461540126386183         0.00000000000000000000        0.326724890187569558833      
   4.29373052283191023641        0.329753547850677942711         14.6270965422497875212         859641.840484880944587         0.00000000000000000000        0.330649194498930221604      
   4.37575923393443417305        0.333539771490780908100         14.5820628326108011922         814106.242835798482076         0.00000000000000000000        0.334614374409464606627      
   4.45935504604838894426        0.337364782510427951357         14.5370291229718148632         770960.766410518288581         0.00000000000000000000        0.338622206692757639910      
   4.54454789753982979885        0.341235613244996659264         14.4934719284029592335         730111.814918181547853         0.00000000000000000000        0.342680112748302109608      
   4.63136829872630427377        0.345151816610610898118         14.4499147338341036029         691358.638740903106282         0.00000000000000000000        0.346787678140903147313      
   4.71984734280358443799        0.349112492332344260599         14.4085723118704440221         654694.452063094567109         0.00000000000000000000        0.350944036289665046866      
   4.81001671698114668376        0.353116572191476433081         14.3679681474418497918         619936.982791418004069         0.00000000000000000000        0.355148133697154283890      
   4.90190871383038705850        0.357163037171070670754         14.3273639830132555606         587037.005184392367084         0.00000000000000000000        0.359398982820961672722      
   4.99555624284963629284        0.361250797980283955963         14.2889745911898573784         555903.724898731369876         0.00000000000000000000        0.363695518011241749229      
   5.09099284225011633042        0.365375777961545332423         14.2505851993664591961         526469.294475923508287         0.00000000000000000000        0.368033526645854763734      
   5.18825269096705929493        0.369128565055102261658         14.2166253527534531117         501165.237195773202188         0.00000000000000000000        0.371979793219562504910      
   5.28737062090029046220        0.372285348996151950300         14.1870950513508391252         480678.857262149714131         0.00000000000000000000        0.375294033806158702153      
   5.38838212938865898996        0.374929429735607488918         14.1612560376235518877         463825.870377813322648         0.00000000000000000000        0.378062169038324087856      
   5.49132339192278389568        0.374761065644636710885         14.1590412650183558388         463891.056418974042657        0.579532165026314245965        0.377867606779606323483      
   5.59623127510066813682        0.374387087600890943958         14.1546117198079637401         464411.775523493257481        0.826848439273206381125        0.377442512268728851599      
   5.70314334983082061583        0.373980442111697570004         14.1487056595274409429         464591.258643110279024         1.01805714085513194231        0.376973427567071197897      
   5.81209790478761456666        0.373581605349398223974         14.1405848266417220969         464352.691786204403144         1.18047379856950886688        0.376504519456974412418      
   5.92313396012370113825        0.373178448206131114248         14.1309874786858725515         463716.210940054000474         1.32591053297738274935        0.376023510383911454185      
   6.03629128144438901332        0.372819313824151661466         14.1199136156598923069         462514.872678503845037         1.45805863175408033795        0.375582041461202760383      
   6.15161039404899476733        0.372501464469139167876         14.1066249800287160125         460760.065341172489696         1.58060938257492838109        0.375177417702378920026      
   6.26913259744426422469        0.372202827504088430292         14.0918598293274090196         458583.401540566281312         1.69651581558018827724        0.374786225022181705414      
   6.38889998013506256718        0.371947085984908750979         14.0756181635559713275         455881.551248373443684         1.80651618830492537615        0.374433664289022003087      
   6.51095543469763019450        0.371749324142239508036         14.0578999827144029353         452600.012562001594688         1.91134875828420502746        0.374135793088037044098      
   6.63534267314080258241        0.371588287645689021807         14.0379670292676384949         448859.907237600982825         2.01249004058815793034        0.373869870219066668021      
   6.76210624256069546328        0.371489708449543769335         14.0172958182858087041         444558.505262666962807         2.10994003521678408523        0.373663258472781533538      
   6.89129154109446180002        0.371447254203003590075         13.9944098346987828652         439747.470816335977332         2.20443699970514884134        0.373509083575244719700      
   7.02294483417883409499        0.371481018932469907949         13.9700473360416263261         434333.525360515573652         2.29598093405325219887        0.373428703746734805491      
   7.15711327111927475509        0.371576850465480660614         13.9442083223143390878         428434.805577407836779         2.38531009579615950727        0.373406841910794162504      
   7.29384490197566845307        0.371715300145015651082         13.9176310510519865007         422156.501556813499747         2.47316274246893611638        0.373422472969366919148      
   7.43318869477060380300        0.371943839595433938455         13.8888390071844378638         415329.287847763064093         2.55880061653651667678        0.373526279687653718669      
   7.57519455302640719492        0.372277030705225714998         13.8585704482467585276         407908.819433864744553         2.64222371799890118804        0.373733750552483448733      
   7.71991333363720936157        0.372653109795030630701         13.8268253742389484930         400195.183568808527212         2.72490856192622034945        0.373978391080331636054      
   7.86739686508244524159        0.373118734115320148197         13.7936037851610077583         392017.413664949131174         2.80611689078340881178        0.374310077523412789997      
   8.01769796598831000021        0.373684493803298684223         13.7589056810129363242         383405.542939969894121         2.88584870457046657483        0.374740022152420503617      
   8.17087046404381864111        0.374319891522971477915         13.7227310617947341909         374503.821640234809479         2.96484226082245898803        0.375235183494950835337      
   8.32696921527824367431        0.375073870298014568260         13.6858181850414667080         365143.800668492223167         3.04235930200432070215        0.375848065611630943571      
   8.48605012370683472762        0.375913963253122247830         13.6474287932180685257         355547.243078940982542         3.11913808565111706642        0.376543476395579438624      
   8.64817016135185583688        0.376847474378766878340         13.6075628863245396442         345662.166563505812661         3.19517861176284808104        0.377329035155630198640      
   8.81338738864611063398        0.377881396443276741773         13.5669587218959454130         335557.624023587082291         3.27048088033951374625        0.378212068813758693837      
   8.98176097522626256612        0.379067132396131312562         13.5248780423972204826         325124.628272102575181         3.34430663384604871195        0.379248011595620359264      
   9.15335122112339692312        0.380322723272517600895         13.4813208478283648529         314625.137822640065451         3.41813238735258367765        0.380347943365056430500      
   9.32821957835841369597        0.381698526804687763067         13.4377636532595092231         303994.082755260524749         3.49121988332405329370        0.381566165159845764935      
   9.50642867294998527000        0.383200743303646930980         13.3927299436205228941         293226.449471288496966         3.56356912176045756012        0.382909220545356515219      
   9.68804232734296072449        0.384788369923356563977         13.3469579764464712154         282490.883985401058652         3.63591836019686182632        0.384332333320238940402      
   9.87312558326524906428        0.386560823816366926688         13.3004477517373541871         271613.925859406708412         3.70679108356313539345        0.385943470095425179243      
   10.0617447250213671852        0.388429054905919172660         13.2531992694931718092         260797.758977540682210         3.77766380692940896059        0.387645550464477588041      
   10.2539673032309947400        0.390397080960474435256         13.2059507872489894312         250099.007000078381367         3.84853653029568252772        0.389442656182156507738      
   10.4498621590210374463        0.392517681833396090373         13.1572257899346763540         239434.773926842867311         3.91867099612689074499        0.391392212174719922476      
   10.6494994486798628085        0.394795735123415593730         13.1085007926203632759         228859.478659891580975         3.98806720442303361284        0.393499498702299236984      
   10.8529506687825377225        0.397235963667405044209         13.0597757953060501987         218408.730964530183456         4.05672515518411113105        0.395769649340990442723      
   11.0602886817960661290        0.399742778865049460605         13.0103125404566717718         208228.402383832365842         4.12612136348025399868        0.398097599266151829975      
   11.2715877421737967817        0.402469696639511760893         12.9608492856072933450         198141.179900376227295         4.19404105670626616703        0.400651816107824216515      
   11.4869235229483463764        0.405269866449277584518         12.9121242882929802677         188383.656541638562217         4.26269900746734368546        0.403270692998917231907      
   11.7063731428325618318        0.408247337286665128229         12.8619227759085364912         178821.201632109905177         4.33061870069335585380        0.406068647747875290089      
   11.9300151938382274549        0.411405913658973114823         12.8131977785942234131         169493.553216070583474         4.39780013638430267251        0.409049987332246088888      
   12.1579297694224081408        0.414697735235318526735         12.7637345237448449863         160468.580185817403574         4.46498157207524949122        0.412161782883753377473      
   12.3901984931715087243        0.418125556936741389375         12.7150095264305319090         151753.530862047529368         4.53216300776619630993        0.415406934770877573075      
   12.6269045480333221730        0.421743947118501909965         12.6662845291162188318         143318.207337380345265         4.59860618592207777942        0.418846014052803005561      
   12.8681327061075355669        0.425504149935091640023         12.6182977893369711042         135200.800879939186331         4.66504936407795924849        0.422424860798320664726      
   13.1139693590053628058        0.429408490371028969836         12.5703110495577233766         127404.334182782727609         4.73149254223384071755        0.426145979120626667045      
   13.3645025487891768142        0.433511141035381563665         12.5230625673135409987         119921.752292243273011         4.79719746285465683698        0.430069983566349507524      
   13.6198219995032217249        0.437762380104307951564         12.4772906001394893192         112765.722278347056829         4.86290238347547295640        0.434141377494194611903      
   13.8800191493066972159        0.442164176313018003709         12.4307803754303722909         105933.922763324613726         4.92860730409628907582        0.438362351758055590546      
   14.1451871832207228792        0.446770322822463247006         12.3864849233264513115         99413.9347890864358916         4.99357396718203984561        0.442793586067276820860      
   14.4154210665009104072        0.451478619389578448971         12.3414512136874649825         93220.1815057395897313         5.05927888780285596546        0.447319945828438907516      
   14.6908175786474953489        0.456446757388497162335         12.2986322766536747024         87326.3279384107121928         5.12350729335354138560        0.452119800022309872552      
   14.9714753480652085979        0.461520408829347053635         12.2558133396198844223         81749.6204599351270375         5.18847395643929215538        0.457018680261077572975      
   15.2574948873853004248        0.466804644931918727706         12.2144709176562248415         76462.8980910671699363         5.25270236198997757552        0.462135969604029873232      
   15.5489786294623670120        0.472197092067051558820         12.1738667532276306103         71471.4685647527536929         5.31766902507572834530        0.467355260188173729367      
   15.8460309640588711110        0.477853981116817679367         12.1347391038691670784         66755.9820251170949419         5.38115917309134841580        0.472855264776395206171      
   16.1487582752304947627        0.483621220645296211746         12.0963497120457688962         62314.7105155822775338         5.44538757864203383594        0.478460037765096732635      
   16.4572689794257129483        0.489602731385405836424         12.0586985777574360636         58132.0519223293675672         5.50887772665765390644        0.484289060840711954554      
   16.7716735643132329025        0.495696767879110440364         12.0225239585392339311         54198.9615453667857068         5.57310613220833932658        0.490225396090956492531      
   17.0920846283512044145        0.502057781039524636611         11.9878258543911624971         50509.4135137120227448         5.63585802268889404744        0.496447895206539072051      
   17.4186169211123721579        0.508532655635032534687         11.9538660077781564127         47043.3580681964056893         5.69934817070451411793        0.502779753396026886023      
   17.7513873843796117762        0.515223836558133411480         11.9206444187002156779         43799.8048202248494611         5.76210006118506883879        0.509340309739973013834      
   18.0905151940265673770        0.522030092948811134512         11.8888993446924056425         40758.8303698598930751         5.82559020920068890929        0.516011878716361805926      
   18.4361218026983892312        0.529103379257152857623         11.8593690432897916568         37923.1569830924595408         5.88760384214617828050        0.522972830854945590199      
   18.7883309833078570531        0.536292427780922108054         11.8298387418871776703         35265.6499003851808212         5.95035573262673300092        0.530046297304034453018      
   19.1472688733624662079        0.543697995600087192775         11.8025232130897597327         32789.4907808612576297         6.01236936557222237214        0.537351304335800097087      
   19.5130640201383518308        0.551269762824621067422         11.7752076842923417959         30477.7513958866419639         6.07438299851771174335        0.544829127671619606419      
   19.8858474267172290802        0.559007659125571366575         11.7501069281001199072         28320.6310330758847247         6.13639663146320111457        0.552480139553564741602      
   20.2657525989028368726        0.566911493790338866672         11.7257444294429633682         26310.4558016515970174         6.19841026440869048578        0.560304593670238126478      
   20.6529155930336873557        0.575030040124994771091         11.7028584458559375293         24442.1601289401035437         6.25968563981911450735        0.568361590506810853069      
   21.0474750647092444800        0.583314016586409737355         11.6807107198039770391         22701.4965164036730680         6.32096101522953852892        0.576592832280456464003      
   21.4495723184469819830        0.591763111817649434449         11.6600395088221472492         21080.2733620321224972         6.38223639063996255050        0.584998484143814388204      
   21.8593513582881047042        0.600376786480710604042         11.6401065553753828080         19572.0055987524697283         6.44351176605038657207        0.593578486681728241514      
   22.2769589393700567139        0.609202435684367171048         11.6216501169987490669         18173.8754704649646090         6.50404888392574524400        0.602391336711237777011      
   22.7025446204842860191        0.618190821940927408035         11.6039319361571806755         16872.9310179234236955         6.56458600180110391593        0.611378036499264119769      
   23.1362608176380885570        0.627341074518320831251         11.5876902703857429825         15663.6448617092490618         6.62512311967646258786        0.620538199106235364749      
   23.5782628586397136200        0.636699462204703667202         11.5729251196844359897         14545.3811461444547710         6.68492198001675590972        0.629929743168977904905      
   24.0287090387262794854        0.646217270217477999085         11.5588982265181943465         13504.4670857678209339         6.74472084035704923200        0.639493628597276912923      
   24.4877606772544213487        0.655893489204545691905         11.5456095908870180521         12538.1039938870707182         6.80451970069734255429        0.649229359555669877958      
   24.9555821754739743379        0.665726999746189460809         11.5337974703259724578         11638.5966615274674067         6.86431856103763587658        0.659136287977232234337      
   25.4323410754053822469        0.675763365294869336756         11.5227236072999922132         10808.0409906466806680         6.92337916384286384923        0.669272523434299456411      
   25.9182081198419178598        0.685954621147342297389         11.5123880018090773173         10036.3270509476513332         6.98243976664809182188        0.679579001747650846758      
   26.4133573134982036542        0.696344965058532608328         11.5035289113882931216         9324.18332104742710609         7.04076211191825444445        0.690112820737445047158      
   26.9179659853269320786        0.706886759552566220689         11.4961463360376396252         8661.80974902314849651         7.09908445718841706745        0.700814846608532447442      
   27.4322148520261031197        0.717578766976274163181         11.4880255031519207792         8045.66303944139183546         7.15740680245857969046        0.711684373960136812019      
   27.9562880827595230844        0.728419500404134859998         11.4813811853363326324         7472.92321640957325179         7.21572914772874231346        0.722720405281484380277      
   28.4903733651137431454        0.739451642682517606042         11.4762133825908751849         6944.79675346115785528         7.27331323546383958683        0.733979311126326174823      
   29.0346619723150589521        0.750672447802003196826         11.4725220949155484358         6457.88882709271848448         7.33015906566387151011        0.745459443259354802747      
   29.5893488317306438944        0.761991821563540415669         11.4680925497051563380         6000.93235901844627644         7.38774315339896878348        0.757044617758229341326      
   30.1546325946783484607        0.773495835871684544170         11.4651395195648949394         5579.31838539733927096         7.44458898359900070720        0.768848375617003936390      
   30.7307157075701669127        0.785181485176873193254         11.4629247469596988905         5190.70686363524855844         7.50069655626396728084        0.780868790059370560181      
   31.3178044844148499772        0.796959955021499859783         11.4614482318895681912         4825.31417823628509733         7.55754238646399920457        0.792989677165344964348      
   31.9161091807056291041        0.808957985394174834671         11.4614482318895681912         4491.99925080950506873         7.61291170159390042900        0.805380940690631484755      
   32.5258440687195139393        0.821044663649570405904         11.4607099743545028415         4178.13642829287684144         7.66901927425886700265        0.817869382855574757543      
   33.1472275142551300355        0.833302455787264449672         11.4614482318895681912         3888.84603783610068040         7.72438858938876822709        0.830566991381289336982      
   33.7804820548365791651        0.845728018850951140234         11.4629247469596988905         3621.95936355676076901         7.77901964698360410188        0.843471472416283200727      
   34.4258344794113295521        0.858276776866859916022         11.4644012620298295898         3373.24504817489249331         7.83365070457843997625        0.856523994052262281520      
   35.0835159095706784239        0.870946036564930237665         11.4666160346350256387         3141.16082772638928455         7.88828176217327585104        0.869722208296129923146      
   35.7537618823218745143        0.883773870487034718076         11.4703073223103523869         2927.19845850020201716         7.94217456223304637576        0.883120295238028429408      
   36.4368124344415440126        0.896716232359913417022         11.4732603524506137855         2727.35203619558410360         7.99606736229281690092        0.896659223082762565048      
   37.1329121884406294710        0.909810645791830453451         11.4776898976610058842         2543.07432514906803078         8.04922190481752207643        0.910393039478205150661      
   37.8423104401716286702        0.923013139502048947697         11.4821194428713979820         2370.93258462044261292         8.10237644734222725151        0.924262274438010413089      
   38.5652612481095083304        0.936360405521388399006         11.4872872456168554295         2212.00710291222324710         8.15479273233186707694        0.938320537161915985158      
   39.3020235243382670721        0.949848389735225219336         11.4931933058973782267         2065.52700031733114372         8.20647075978644155361        0.952564634959574627797      
   40.0528611272757328922        0.963394756907018663032         11.4983611086428356741         1926.26589690503709840         8.25888704477608137904        0.966878945170709806376      
   40.8180429561698028540        0.977113859083307929854         11.5050054264584238209         1799.83369596476454955         8.30982681469559050520        0.981429305692642118988      
   41.5978430473999672042        0.990924068051527504660         11.5123880018090773173         1681.24727043326550102         8.36076658461509963135        0.996100553310136370194      
   42.3925406726186065655         1.00482190861231215147         11.5190323196246654650         1569.98158991961747666         8.41170635453460875750         1.01088935831650101021      
   43.2024204387672098142         1.01884174603578801690         11.5264148949753189614         1467.24113244736747386         8.46190786691905253488         1.02584812713324417810      
   44.0277723900033316901         1.03294145907708972499         11.5337974703259724578         1370.81819139976520361         8.51210937930349631139         1.04091725011945433483      
   44.8688921115747934160         1.04715472848089492428         11.5419183032116913039         1281.83288529011094470         8.56157263415287473826         1.05614888252853261969      
   45.7260808356783271453         1.06147717658674742899         11.5500391360974101499         1199.60058397587363832         8.61029763146718781549         1.07153936156053880297      
   46.5996455493405755469         1.07586721059603500057         11.5588982265181943465         1122.17336356107156370         8.65902262878150089272         1.08702872935092507707      
   47.4898991043600822819         1.09035763465392979696         11.5677573169389785422         1050.66160077481540236         8.70700936856074862030         1.10266891956396367316      
   48.3971603293496470850         1.10494385018150212798         11.5766164073597627379         984.586040621701892805         8.75425785080493099911         1.11845586790166114262      
   49.3217541439191715195         1.11958498851082404921         11.5862137553156122833         922.222296320081146581         8.80150633304911337706         1.13432962108983401389      
   50.2640116750398879067         1.13427705846367362871         11.5950728457363964790         863.405972029636030074         8.84875481529329575500         1.15028597767251455539      
   51.2242703756316453065         1.14908730189207311956         11.6046701936922460252         810.137897690700513886         8.89452678246734743366         1.16643213851062158329      
   52.2028741454157223685         1.16393928580120695096         11.6150057991831609202         759.737723985668683302         8.94029874964139911232         1.18265209732886051100      
   53.2001734540764485391         1.17882896573058373337         11.6238648896039451159         712.090228744270573924         8.98607071681545079098         1.19894150360395254965      
   54.2165254667757416235         1.19382150781563437837         11.6342004950948600108         668.958936339859650266         9.03036616891937177036         1.21540665606469933720      
   55.2522941720655125890         1.20884220802465907154         11.6445361005857749067         628.047002283555380386         9.07466162102329274974         1.23193181000077014238      
   56.3078505122437471750         1.22388695547158838728         11.6541334485416244520         589.276246338113551815         9.11895707312721372911         1.24851244247019284599      
   57.3835725162009490895         1.23898522288126825019         11.6644690540325393470         553.360673511540598180         9.16251426769606935885         1.26519890615060590100      
   58.4798454348045212876         1.25413204914914175043         11.6748046595234542420         520.076238105150462643         9.20533320472985963894         1.28198640048991019510      
   59.5970618788695709646         1.26932219083419791999         11.6851402650143691379         489.214301910688732528         9.24741388422858456939         1.29886977017368836077      
   60.7356219597655500875         1.28451727390993695479         11.6947376129702186832         459.824644504815727236         9.28949456372730949984         1.31578845003578398379      
   61.8959334327090870860         1.29977930050702022589         11.7058114759961989278         433.284291803434102652         9.33009872815590373101         1.33284864565565428678      
   63.0784118427943277622         1.31501529209863898741         11.7154088239520484732         407.297810703902115254         9.37144115011956331182         1.34989238611144819324      
   64.2834806738130833809         1.33032258255630297310         11.7257444294429633682         383.853112947661357979         9.41130705701309219335         1.36708504061884656214      
   65.5115714999180833653         1.34561159187728166095         11.7360800349338782640         361.440694485701267652         9.45117296390662107487         1.38428784300173724788      
   66.7631241401836481586         1.36089638209666524856         11.7456773828897278094         340.602019633883820848         9.49030061326508460676         1.40153408954954841249      
   68.0385868161191352463         1.37618259239313015050         11.7560129883806427043         321.245925287561996053         9.52869000508848278900         1.41883101230506139155      
   69.3384163121915692435         1.39143997465877112965         11.7656103363364922497         302.695457582163394622         9.56707939691188097124         1.43612565286416787955      
   70.6630781394149442218         1.40669530521330782768         11.7759459418274071455         285.462113836892033197         9.60473053120021380384         1.45346771882484671935      
   72.0130467020647849763         1.42194343550909899499         11.7855432897832566909         269.406411398102034749         9.64164340795348128680         1.47085167084119812476      
   73.3888054675776730640         1.43717968162652543515         11.7951406377391062362         254.477205662428304339         9.67781802717168342012         1.48827245106905415022      
   74.7908471396965842184         1.45239887386855124935         11.8047379856949557816         240.570433596869300716         9.71325438885482020292         1.50572434995492325288      
   76.2196738349240459701         1.46756502122193017144         11.8135970761157399781         227.191583327282007360         9.74869075053795698660         1.52314589373244130245      
   77.6757972623463091716         1.48270340177583865617         11.8231944240715895235         214.723584885271509867         9.78338885468602842063         1.54058594407017443288      
   79.1597389068929342265         1.49780957714834674283         11.8320535144923737192         203.099122378921672513         9.81734870129903450502         1.55803954628376664627      
   80.6720302160974231942         1.51284899375812364769         11.8401743473780925653         191.890018518068697195         9.85130854791204058941         1.57544594340528165720      
   82.2132127904257828735         1.52787579451211596071         11.8490334377988767610         181.799311789923182706         9.88379187945491597452         1.59290922244819072083      
   83.7838385772411815902         1.54282623026045948012         11.8578925282196609575         172.041931341026027025         9.91627521099779135876         1.61031359967164710157      
   85.3844700684741647681         1.55772485927408238840         11.8660133611053798036         162.932526037849004757         9.94802028500560139423         1.62770821935922805105      
   87.0156805020692213914         1.57256694403870429170         11.8741341939910986496         154.424062751900687138         9.97902710147834608005         1.64508747070480407714      
   88.6780540672798458512         1.58734658280535766758         11.8815167693417521461         146.472736272938794361         10.0092956604160254162         1.66244417523009971923      
   90.3721861138856179946         1.60202840035558800435         11.8888993446924056425         138.766824675050557292         10.0395642193537047515         1.67971467469312201902      
   92.0986833654062289206         1.61666844511240966639         11.8970201775781244894         131.832823871331846641         10.0683562632212533884         1.69700812638120065697      
   93.8581641363888109636         1.63120863877737240478         11.9036644953937126362         125.087224970821325645         10.0971483070888020253         1.71421238806490662293      
   95.6512585538463901008         1.64566970866583906147         11.9103088132093007830         118.785651471584768550         10.1252020934212853117         1.73137304827991966405      
   97.4786087829267645297         1.66001952005009634943         11.9162148734898235801         112.641911382594976231         10.1532558797537685990         1.74842923196228080987      
   99.3408692568926289454         1.67430826294747117481         11.9228591913054117269         107.137138426785993563         10.1798331510161211870         1.76548471604167392043      
   101.238706911495307955         1.68847737758040459155         11.9287652515859345240         101.754665923890220941         10.2064104222784737741         1.78242439273990755852      
   103.172801423826035201         1.70257634537971779074         11.9346713118664573211         96.9306115354260339131         10.2315111784706956628         1.79935211201441803367      
   105.143845455730318837         1.71654753798239116181         11.9405773721469801191         92.2072364159511647375         10.2566119346629175506         1.81615294241218518567      
   107.152544901872567654         1.73038746713715062340         11.9450069173573722170         87.5878471634756534114         10.2817126908551394393         1.83282141878488867614      
   109.199619142539818106         1.74414468821490485282         11.9501747201028296645         83.4517463699784266470         10.3053369319772306287         1.84946150761975853355      
   111.285801301275099146         1.75628214066313139807         11.9531277502430910631         79.8394717053498150713         10.3260081429590604186         1.86417234894606086571      
   113.411838507432701902         1.76376186196049168425         11.9538660077781564127         77.6109814386737403638         10.3370820059850406633         1.87328918709480357748      
   115.578492163749383823         1.76980483835628453655         11.9516512351729603638         75.7139686637404090014         10.3444645813356941606         1.88069702531100142880      
   117.786538219027332799         1.77565046408508322897         11.9479599474976336156         73.9027648391906801725         10.3503706416162169577         1.88789988498607419910      
   120.036767446026548439         1.78133908179822023315         11.9435304022872415177         71.9171100637583979032         10.3562767018967397548         1.89490580399901944585      
   122.329985724666162147         1.78696296988511774009         11.9383625995417840702         70.1193807428364887721         10.3607062471071318527         1.90187698990712638475      
   124.667014330636120090         1.79249651889710636982         11.9317182817261959226         68.2113095459435809301         10.3651357923175239505         1.90873687923803586673      
   127.048690229522589910         1.79800618055345862070         11.9258122214456731254         66.5230907216266877865         10.3680888224577853491         1.91561518519344694145      
   129.475866376552427042         1.80345318030645487676         11.9184296460950196290         64.7523082238148680462         10.3710418525980467477         1.92241805079475835917      
   131.949412022064049066         1.80884596789356664863         11.9103088132093007830         62.9165531224770279740         10.3739948827383081462         1.92915641206234604566      
   134.470213022814116741         1.81421502411962658728         11.9021879803235819369         61.1762236477347748492         10.3762096553435041952         1.93589181568048714359      
   137.039172159231511072         1.81956432406123250266         11.8933288899027977403         59.5290602991017439721         10.3776861704136348944         1.94262968857815297849      
   139.657209458732225055         1.82487242057840898344         11.8837315419469481950         57.8363770370262573715         10.3791626854837655937         1.94932007632342699374      
   142.325262525210959774         1.83016565286015932159         11.8741341939910986496         56.2483805686629332321         10.3799009430188309434         1.95601959829549543982      
   145.044286874827426465         1.83542108954860143572         11.8637985885001837547         54.6310218371696110842         10.3806392005538962930         1.96267622625282989158      
   147.815256278207610360         1.84066328352641019072         11.8534629830092688597         53.1167603303154489403         10.3806392005538962930         1.96934433193322735165      
   150.639163109182549830         1.84586859297408607372         11.8423891199832886142         51.5812592144871103726         10.3806392005538962930         1.97597078490978038661      
   153.517018700189525310         1.85106037306684599250         11.8313152569573083695         50.1490094760688202742         10.3799009430188309434         1.98260858526350410231      
   156.449853704462938764         1.85621452517740808167         11.8202413939313281249         48.7011888534357672183         10.3791626854837655937         1.98920385440354022873      
   159.438718465144596073         1.86133048806669015277         11.8084292733702825298         47.2393720944909712850         10.3784244279487002441         1.99575584732453172726      
   162.484683391445582340         1.86643011855903557183         11.7958788952741715859         45.8811786837438334123         10.3769479128785695448         2.00231565927940849338      
   165.588839341994446291         1.87148924792294410935         11.7833285171780606420         44.5157843503530700965         10.3754713978084388455         2.00882913899348986985      
   168.752298015508982842         1.87652910905060085387         11.7707781390819496981         43.2508838779119830498         10.3732566252032427966         2.01534666704903317447      
   171.976192348931526163         1.88152550195683999793         11.7582277609858387533         41.9806488762901609882         10.3710418525980467477         2.02181391498463979006      
   175.261676923170338485         1.88647690946788142510         11.7449391253546624597         40.7055081235716997266         10.3688270799928506987         2.02822873744743040962      
   178.609928376592403357         1.89140387823193937373         11.7316504897234861662         39.5272807789074181531         10.3658740498525893002         2.03464078362632621016      
   182.022145826415709183         1.89628236808205723879         11.7176235965572445221         38.3449607614430980802         10.3629210197123279016         2.04099566262284103113      
   185.499551298151936621         1.90111065876844416770         11.7035967033910028789         37.1644932660560951103         10.3599679895720665030         2.04729089472773071595      
   189.043390163253347477         1.90590860929219985413         11.6903080677598265854         36.0794757999914752176         10.3562767018967397548         2.05357544031506332829      
   192.654931585120610602         1.91065247716563584490         11.6755429170585195917         34.9903636353225590827         10.3525854142214130066         2.05979492651644958880      
   196.335468973631294520         1.91536181815861551183         11.6615160238922779485         33.9913838073980979076         10.3481558690110209088         2.06599803486250666994      
   200.086320448351808327         1.91999202198875620244         11.6460126156559056060         32.9070472493200998111         10.3444645813356941606         2.07207955360203446523      
   203.908829310598681744         1.92460479603175849410         11.6312474649545986123         31.9915431530058244659         10.3392967785902367122         2.07819014346287190068      
   207.804364524518245194         1.92913482626868472110         11.6157440567182262698         30.9971594667414389688         10.3348672333798446143         2.08417386089318276048      
   211.774321207356999580         1.93362211653861193385         11.6009789060169192770         30.0845900085434976509         10.3296994306343871669         2.09012965294194725196      
   215.820121129098258114         1.93804392447228527891         11.5854754977805469336         29.1761549372092688168         10.3245316278889297194         2.09600396044166727518      
   219.943213221643995334         1.94241888090355061620         11.5699720895441745911         28.3421252977193944590         10.3186255676084069222         2.10184458094259749060      
   224.145074097724258860         1.94672459511196689066         11.5537304237727368982         27.5089984813378559472         10.3127195073278841251         2.10759820711212794166      
   228.427208579719981260         1.95095930521613351600         11.5382270155363645557         26.6827687677776739308         10.3068134470473613280         2.11326226212036681813      
   232.791150238588581231         1.95512135577881601613         11.5212470922298615139         25.8579540345764707487         10.3009073867668385300         2.11883400357375748305      
   237.238461943085360270         1.95922898079296879420         11.5050054264584238209         25.1062452033191375721         10.2942630689512503832         2.12436099797641356028      
   241.770736419477389148         1.96328008687354578249         11.4887637606869861288         24.4191709120565780249         10.2868804936005968868         2.12984011745648274582      
   246.389596821950335931         1.96723365506487950477         11.4717838373804830862         23.6720229073237442875         10.2802361757850087400         2.13516948240696361220      
   251.096697313912516167         1.97112743122232848846         11.4548039140739800444         22.9904894369260304771         10.2728536004343552436         2.14044593193864220778      
   255.893723660404349557         1.97494031316105277303         11.4378239907674770027         22.3134423234799271780         10.2654710250837017472         2.14561745818677792577      
   260.782393831825383940         1.97868981802969117357         11.4208440674609739600         21.6957726145806372598         10.2573501921979829002         2.15073067168831934736      
   265.764458619195100941         1.98235548863423692806         11.4038641441544709183         21.0813991834335103786         10.2492293593122640542         2.15573427389612270718      
   270.841702261167847354         1.98593591370577149076         11.3861459633129025260         20.4695119059805494093         10.2411085264265452081         2.16062601756372052149      
   276.015943083026447785         1.98942991050614949300         11.3684277824713341346         19.8625749910306188522         10.2329876935408263620         2.16540383535521986885      
   281.289034147883341946         1.99285470729645939573         11.3507096016297657432         19.3099757762817961417         10.2241286031200421663         2.17011404802847191571      
   286.662863920322463135         1.99619059939908550909         11.3329914207881973509         18.7611620917573772589         10.2152695126992579698         2.17470619642624249704      
   292.139356942719529392         1.99943625664010569704         11.3152732399466289595         18.2151426802859065703         10.2064104222784737741         2.17917800998944631986      
   297.720474524482959844         2.00260908562076962725         11.2968168015699952176         17.7209132981073151352         10.1968130743226242287         2.18357624118919969630      
   303.408215444462255245         2.00568949718247631396         11.2790986207284268262         17.2298620977991383055         10.1872157263667746834         2.18785036414892196236      
   309.204616666775398359         2.00867680475430381601         11.2606421823517930843         16.7397889289297194804         10.1776183784109251380         2.19199897377822425161      
   315.111754070311634729         2.01158775901187221631         11.2421857439751593432         16.2988873187964219170         10.1672827729200102422         2.19606803736855033925      
   321.131743192170892781         2.01440370703499364120         11.2237293055985256022         15.8593090356211680204         10.1569471674290953472         2.20000814241532435638      
   327.266739985306092581         2.01712403993303409657         11.2045346096868265106         15.4218371402243767422         10.1466115619381804522         2.20381806631120436869      
   333.518941590639679845         2.01974781762961797817         11.1860781713101927696         14.9880933682527515824         10.1362759564472655572         2.20749600355366864201      
   339.890587123930904917         2.02229203090131158440         11.1668834753984936780         14.5966382190708813919         10.1252020934212853117         2.21108840140467632928      
   346.383958477675649362         2.02473840539668077827         11.1476887794867945873         14.2079460799234826756         10.1141282303953050671         2.21454618112950897568      
   353.001381138325986547         2.02708655470569462285         11.1284940835750954958         13.8212224397210700026         10.1030543673693248225         2.21786840786752082995      
   359.745225019122148863         2.02935296826401689223         11.1092993876633964051         13.4735501871249469634         10.0912422468082792273         2.22110085139093991189      
   366.617905308835165867         2.03152013785993038335         11.0901046917516973135         13.1281104166179787233         10.0794301262472336331         2.22419545253974157840      
   373.621883336724135316         2.03358781663765986127         11.0709099958399982229         12.7853787268859638050         10.0676180056861880388         2.22715151849549843283      
   380.759667454017896510         2.03555571759505889206         11.0509770423932337817         12.4445672758279545179         10.0558058851251424445         2.22996811435986286472      
   388.033813932236792688         2.03743993055283605141         11.0310440889464693413         12.1393025815243832677         10.0432555070290314998         2.23269055367663457807      
   395.446927878676241425         2.03922404615166249836         11.0118493930347702498         11.8361967664980442102         10.0307051289329205558         2.23527231568394097881      
   403.001664169379975905         2.04090760550776895740         10.9919164395880058094         11.5345664524813425970         10.0181547508368096119         2.23771232366126690896      
   410.700728399937086716         2.04250657583308522082         10.9719834861412413683         11.2665952051177030487         10.0048661152056333175         2.24005559248521920112      
   418.546877854443373751         2.04398930170530045147         10.9513122751594115783         10.9683177953443783941         9.99231573710952237360         2.24221130946611803161      
   426.542922492974025755         2.04538736108054598024         10.9313793217126471380         10.7038612306446424775         9.97902710147834608005         2.24426943303347466770      
   434.691725957921272949         2.04668499413065955116         10.9114463682658826968         10.4398300601748575374         9.96573846584716978563         2.24618432561951473407      
   442.996206599557414890         2.04789776897310088228         10.8915134148191182564         10.2074860939926638148         9.95171157268092814244         2.24800063191598861073      
   451.459338521190511023         2.04899504934134235818         10.8708422038372884656         9.94733668016777141611         9.93842293704975184888         2.24962876200004440385      
   460.084152644287037587         2.05000771027161281831         10.8501709928554586756         9.71719678583841070356         9.92439604388351020569         2.25115786831952973367      
   468.873737793942966440         2.05092066597857002443         10.8294997818736288848         9.48822988223648215028         9.91036915071726856163         2.25254329248797609481      
   477.831241805092007791         2.05174922320048751180         10.8095668284268644444         9.28738997802103925100         9.89560400001596156879         2.25382921161020656530      
   486.959872649847185289         2.05246390768725133586         10.7881573599099693040         9.06102378374153615784         9.88157710684971992473         2.25492785407283318150      
   496.262899586379481853         2.05309478236276435055         10.7682244064632048636         8.86287904774311469363         9.86681195614841293189         2.25592715430693775192      
   505.743654329745006781         2.05362719195664514987         10.7468149379463097232         8.66494503079589289268         9.85204680544710593906         2.25678311753525173136      
   515.405532245079994080         2.05406206593253519107         10.7261437269644799332         8.46903550633865974395         9.83728165474579894535         2.25749675726827744057      
   525.251993563590955816         2.05439962137387488851         10.7054725159826501424         8.27444341557250737443         9.82251650404449195252         2.25806807144352581960      
   535.286564621775473705         2.05465498049984747345         10.6848013050008203524         8.10504165445521776358         9.80701309580811961004         2.25854108241935907196      
   545.512839124317435502         2.05481399517212015484         10.6633918364839252119         7.93639923302338526215         9.79150968757174726669         2.25887245854616979250      
   555.934479431108999559         2.05487745965217225952         10.6427206255020954219         7.76873960197589177390         9.77600627933537492421         2.25906315998199836619      
   566.555217868860211294         2.05484627520199397721         10.6213111569852002814         7.60228647212522824035         9.76050287109900258174         2.25911424662676103966      
   577.378858067766001949         2.05472104855276672410         10.5999016884683051418         7.43694594414904937025         9.74499946286263023839         2.25902624304987427310      
   588.409276323709273138         2.05451722854623680149         10.5784922199514100014         7.29424646262659991374         9.72875779709119254627         2.25884387949387378650      
   599.650422986487916133         2.05420756882212907687         10.5570827514345148617         7.13204917104318429849         9.71325438885482020292         2.25848293865103939945      
   611.106323874562935128         2.05382040024077339689         10.5364115404526850709         6.99207782075245561212         9.69701272308338251080         2.25802866410542044735      
   622.781081716834341355         2.05334245507050229106         10.5142638144007245816         6.85249994963424293067         9.68077105731194481868         2.25743930141941788491      
   634.678877621961164801         2.05277486558949810941         10.4928543458838294412         6.71467155239091241948         9.66452939154050712570         2.25671633707549669327      
   646.803972575751794316         2.05213174838143898402         10.4721831349019996512         6.59696545569401619595         9.64754946823400408393         2.25590219879318359020      
   659.160708967160911209         2.05138712253335208074         10.4500354088500391611         6.46139761516368149076         9.63130780246256639181         2.25491473172657466728      
   671.753512143439522497         2.05056870609427645204         10.4286259403331440215         6.34609485896889171253         9.61432787915606334919         2.25383818120590747442      
   684.586891994995047239         2.04965100251740801581         10.4072164718162488810         6.21313764481424893934         9.59808621338462565706         2.25259123572218321113      
   697.665444570529041934         2.04866104450762054594         10.3858070032993537414         6.10000216233855168182         9.58110629007812261444         2.25125720669687300686      
   710.993853723031000835         2.04758695966350503853         10.3636592772473932512         5.98792051207503472129         9.56412636677161957267         2.24979655091366457977      
   724.576892787217713088         2.04644236335830067511         10.3429880662655634604         5.89458172711704386261         9.54640818593005118040         2.24825089114003318601      
   738.419426289018922815         2.04520251168843370318         10.3208403402136029712         5.78460597038910891111         9.52942826262354813864         2.24654037129172238769      
   752.526411687721514365         2.04388148747066612353         10.2994308716967078307         5.67639063630044661112         9.51244833931704509688         2.24470720613440651611      
   766.902901151396140300         2.04249288991234923961         10.2780214031798126911         5.58582215041205209453         9.49473015847547670461         2.24279290813930919915      
   781.554043366242130686         2.04101257962944634050         10.2558736771278522009         5.47959792787892488106         9.47775023516897366285         2.24071865687755586308      
   796.485085380498667951         2.03946670760151413057         10.2344642086109570613         5.39113848056881240015         9.46003205432740527057         2.23856616416746391279      
   811.701374483582592245         2.03784376287785501825         10.2130547400940619208         5.30416624660327723582         9.44231387348583687917         2.23629666114404301912      
   827.208360121125816422         2.03614490379903297339         10.1909070140421014316         5.21779452190671789134         9.42459569264426848777         2.23391181873743520391      
   843.011595846598188908         2.03437105984999538704         10.1694975455252062911         5.13253036859968247291         9.40687751180270009550         2.23141299225000837693      
   859.116741310214742045         2.03252356202892384856         10.1473498194732458019         5.04891637856633060302         9.38915933096113170409         2.22880214365451798683      
   875.529564285839620175         2.03060354341743578362         10.1259403509563506614         4.96606004683901352658         9.37144115011956331182         2.22608078703109555176      
   892.255942736612584654         2.02862405234793618755         10.1045308824394555218         4.89938311410080131001         9.35298471174292957078         2.22328957486157488804      
   909.301866920037865694         2.02656229099605907150         10.0823831563874950316         4.81934998643520177541         9.33526653090136117850         2.22035228018098188289      
   926.673441533289261096         2.02444321766724846605         10.0609736878705998920         4.75467597783170979608         9.31681009252472743746         2.21734801461234759556      
   944.376887899499784129         2.02224433650368042069         10.0395642193537047515         4.67716594383589841450         9.29909191168315904606         2.21420154132725790596      
   962.418546195818842504         2.01999037140495217536         10.0181547508368096119         4.61467863185388842010         9.28063547330652530414         2.21099135676070249678      
   980.804877724034886777         2.01765908558953812354         9.99600702478484912181         4.53978113430968077896         9.26291729246495691274         2.20764264592041295487      
   999.542467224576714258         2.01527476351850739892         9.97459755626795398220         4.47966395614874378405         9.24446085408832317083         2.20423330557070125640      
   1018.63802523472214312         2.01282715939084874668         9.95318808775105884172         4.42065508040370919608         9.22600441571168942978         2.20072721058770217825      
   1038.09839049185861148         2.01031725209534834972         9.93177861923416370211         4.36277260959642678448         9.20754797733505568787         2.19712585461514119979      
   1057.93053238265638460         2.00774627341522226382         9.90963089318220321199         4.30605180997633141564         9.18909153895842194682         2.19343111557143324777      
   1078.14155343903149853         2.00511542578648024491         9.88895968220037342201         4.25094338646850649884         9.17063510058178820578         2.18964486454009595994      
   1098.73869188179232648         2.00242601381397074896         9.86755021368347828153         4.19667742103132190542         9.15217866220515446386         2.18576910215631335633      
   1119.72932421288072891         1.99967916511495008406         9.84614074516658314192         4.14365263398853102186         9.13372222382852072282         2.18180556280807294773      
   1141.12096785713615354         1.99687605141030811800         9.82473127664968800144         4.09189884522746201347         9.11526578545188698090         2.17775607471158766620      
   1162.92128385452878603         1.99401777052578911835         9.80332180813279286183         4.04180400606305976737         9.09680934707525323986         2.17362238296426824188      
   1185.13807960382592743         1.99110564846753026352         9.78191233961589772135         3.99262676973532179146         9.07835290869861949795         2.16940651496846983082      
   1207.77931165867419394         1.98814076489381840070         9.76050287109900258174         3.94475341094526432933         9.05989647032198575690         2.16511019886470082126      
   1230.85308857709890695         1.98512422266421784903         9.73909340258210744126         3.89820713023054886306         9.04144003194535201499         2.16073513609556199931      
   1254.36767382544117055         1.98205728864977260325         9.71842219160027765128         3.85299425109374756699         9.02298359356871827394         2.15628331285765351502      
   1278.33148873777263121         1.97894116558409217271         9.69701272308338251080         3.80911168646045395804         9.00452715519208453290         2.15175665627762517109      
   1302.75311553184778135         1.97577706872523055186         9.67560325456648737119         3.76657718189741928349         8.98607071681545079098         2.14715710133900489643      
   1327.64130038267391687         1.97256605527102594697         9.65493204358465758035         3.72540291358119137421         8.96761427843881704994         2.14248630849436365125      
   1353.00495655479949375         1.96930924909048511197         9.63426083260282779038         3.68559630255834057289         8.94915784006218330802         2.13774605646974964518      
   1378.85316759444265799         1.96600802349273160493         9.61285136408593264990         3.64682798729671724743         8.93070140168554956698         2.13293855107070180754      
   1405.19519058260315214         1.96267364089995833187         9.59218015310410285993         3.62069931721712838881         8.91150670577385047542         2.12810035278650264341      
   1432.04045945032264420         1.95928658318059738773         9.57150894212227306909         3.58496292139516864656         8.89305026739721673438         2.12316318940756602039      
   1459.39858835728078157         1.95585859729660279055         9.55083773114044327912         3.55028209589167754274         8.87459382902058299247         2.11816436758155642451      
   1487.27937513493695187         1.95239032677012249936         9.53090477769367883792         3.51731373593857603679         8.85613739064394925142         2.11310500134890115161      
   1515.69280479545085460         1.94888344317211500880         9.51023356671184904795         3.48544398776347956340         8.83768095226731551037         2.10798765959421722312      
   1544.64905310763853918         1.94533874155675770849         9.48956235573001925711         3.45498119289539040071         8.81922451389068176846         2.10281375056713083879      
   1574.15849024124457600         1.94175726283110836458         9.46889114474818946714         3.42591280769252032909         8.80076807551404802742         2.09758487791631495186      
   1604.23168448083549242         1.93813043250689264710         9.44821993376635967631         3.38797677786306220406         8.78304989467247963515         2.09226940264726122003      
   1634.87940601064453860         1.93447934769515157618         9.42828698031959523598         3.36187676940443916688         8.76459345629584589410         2.08693719875218461151      
   1666.11263077172325830         1.93079491546535593309         9.40835402687283079478         3.33689363340467713172         8.74613701791921215219         2.08155558735040257189      
   1697.94254439278123792         1.92707815415480635099         9.38842107342606635445         3.31365588518310525724         8.72768057954257841114         2.07612628294140041138      
   1730.38054619612178997         1.92333026036403160054         9.36848811997930191325         3.29181291001956869108         8.70922414116594467010         2.07065121003911301999      
   1763.43825328010823195         1.91954257759235018266         9.34781690899747212328         3.26086778523041051969         8.69150596032437627782         2.06509889118669663069      
   1797.12750467962281919         1.91573577411149564950         9.32862221308577303173         3.24205377712218804887         8.67304952194774253678         2.05953785625911562295      
   1831.46036560600832843         1.91189109613054477482         9.30868925963900859140         3.21417119088292689501         8.65533134110617414451         2.05390278497227110935      
   1866.44913176801075372         1.90802966516157902592         9.28875630619224415020         3.19803607619598613022         8.63687490272954040346         2.04826278008562063940      
   1902.10633377527058296         1.90413262761859517597         9.26956161028054505951         3.17359354447499206219         8.61915672188797201119         2.04255256003195321971      
