   1.00000000000000000000        0.126386821741414896839         30.6000365709236927005         95678641.7181021446813         0.00000000000000000000        0.126676457634967002574      
   1.01911288966247350117        0.127672430233753644993         29.9488934249960543025         89075916.6458980256502         0.00000000000000000000        0.127979083630621966896      
   1.03859108187619688876        0.128977952342922399894         29.3294953530762259400         83058895.3686733138238         0.00000000000000000000        0.129302156727653124116      
   1.05844155862852562185        0.130302967526118120760         28.7396275825590115649         77557986.7150253484142         0.00000000000000000000        0.130645262990486639429      
   1.07867143535276910956        0.131647177865722376304         28.1785518559093458250         72521878.3169039956265         0.00000000000000000000        0.132008119216861965144      
   1.09928796347872850380        0.133011514236747055678         27.6455299155921633732         67893849.3119056475844         0.00000000000000000000        0.133391681290890487299      
   1.12029853303198264150        0.134400180517993638751         27.1339174437918760601         63610810.5162492479249         0.00000000000000000000        0.134800215903137755478      
   1.14171067528285385072        0.135813310745265636864         26.6437144405084838875         59639768.1829619856544         0.00000000000000000000        0.136233872052376867680      
   1.16353206544600314837        0.137250742186000659778         26.1749209057419868554         55958076.9689262663596         0.00000000000000000000        0.137692505491724552329      
   1.18577052543162250319        0.138712152264671794918         25.7267985819573196150         52539633.3719224456872         0.00000000000000000000        0.139175803973354755659      
   1.20843402664921033274        0.140197079315729728673         25.2963944390142207643         49356802.0745030668040         0.00000000000000000000        0.140683308035310794407      
   1.23153069286493525229        0.141705277770748798604         24.8851849919828210043         46394384.5820352776354         0.00000000000000000000        0.142214790389781889812      
   1.25506880311361230162        0.143236252993301729750         24.4902172107228589381         43630157.4918594247902         0.00000000000000000000        0.143769758427718111492      
   1.27905679466633545203        0.144789715770582734516         24.1114910952343345640         41052228.5605901389790         0.00000000000000000000        0.145347940767890337812      
   1.30350326605483014667        0.146365246616507705424         23.7490066455172478821         38645816.1868757734519         0.00000000000000000000        0.146948927522778020519      
   1.32841698015360995555        0.147962205350745620459         23.3990725738962721467         36391407.2346284657797         0.00000000000000000000        0.148572072085413037617      
   1.35380686732104215352        0.149580453363544729455         23.0653801680467341016         34286976.9211714144039         0.00000000000000000000        0.150217268617480623151      
   1.37968202860044813498        0.151222002449119937332         22.7434998827582416508         32312527.4581267386511         0.00000000000000000000        0.151886566043509436025      
   1.40605173898238610937        0.152891200166598958043         22.4334317180307947943         30457239.7859859241962         0.00000000000000000000        0.153584406100701584375      
   1.43292545072928544634        0.154587742763520668950         22.1344374163293281833         28711312.1597857802262         0.00000000000000000000        0.155310492213080691867      
   1.46031279676362438843        0.156311402382237021256         21.8457787201187764673         27070459.1443328197402         0.00000000000000000000        0.157064618451888164582      
   1.48822359412086563184        0.158061734574799254700         21.5674556293991396480         25526102.7252225822012         0.00000000000000000000        0.158846346771175481912      
   1.51666784746838748414        0.159838452165376158586         21.2987298866353523714         24074438.8514920225953         0.00000000000000000000        0.160655411732426219352      
   1.54565575269167196414        0.161641154536216492905         21.0403397493624799916         22709721.2795534950565         0.00000000000000000000        0.162491426546197185562      
   1.57519770054903531973        0.163469334748340994784         20.7908087025103918075         21424910.2381552772604         0.00000000000000000000        0.164353890176361128569      
   1.60530428039621100649        0.165322635668611036093         20.5501367460790878208         20216858.3363218007034         0.00000000000000000000        0.166242466419361392636      
   1.63598628398212021069        0.167200595886321982041         20.3183238800685680280         19080834.7883515717094         0.00000000000000000000        0.168156706818185145111      
   1.66725470931719051365        0.169102656616331187538         20.0938935894087017317         18011051.1229078144206         0.00000000000000000000        0.170096057584233472385      
   1.69912076461560930638        0.171030216356604256519         19.8768458740994889318         17002692.7175802859874         0.00000000000000000000        0.172061966182375774027      
   1.73159587231292505657        0.172987738974355216543         19.6671807341409296301         16051377.5890301997388         0.00000000000000000000        0.174059010746735792757      
   1.76469167316043654646        0.174975098496124688123         19.4641599119979584742         15154010.1668814902096         0.00000000000000000000        0.176087086303467657257      
   1.79842003039783772064        0.176991899910199145183         19.2685216652056408148         14307706.0010967495200         0.00000000000000000000        0.178145814968348081817      
   1.83279303400561383291        0.179037648840173873685         19.0780512211587806037         13508706.8716558591696         0.00000000000000000000        0.180234711967881878244      
   1.86782300503871317358        0.181111967906223123582         18.8942250949275085386         12755478.1165953569589         0.00000000000000000000        0.182353424319518328506      
   1.90352250004304778474        0.183214317623921496894         18.7155667714416939218         12044611.6074222657671         0.00000000000000000000        0.184501421680591686975      
   1.93990431555640626749        0.185344272449375837040         18.5428145082364021021         11374671.7773864229539         0.00000000000000000000        0.186678302218538541492      
   1.97698149269539203766        0.187501316054142732262         18.3759683053116330796         10743353.6615137390954         0.00000000000000000000        0.188883565408458237907      
   2.01476732183003122770        0.189684912777545459708         18.2150281626673868542         10148467.0594706855945         0.00000000000000000000        0.191116690954175131730      
   2.05327534734772585313        0.191895197350433686483         18.0577793076984673779         9587078.51121821226752         0.00000000000000000000        0.193377838129490644243      
   2.09251937250825989002        0.194138114394204919385         17.9056982554750053482         9055980.77533826346007         0.00000000000000000000        0.195673113880920594010      
   2.13251346439159854794        0.196414859947240218413         17.7580467484619354164         8554685.79715344833767         0.00000000000000000000        0.198003783180866063055      
   2.17327195894025428460        0.198724884402896591045         17.6148247866592575824         8080528.30051412995681         0.00000000000000000000        0.200369303925400242262      
   2.21480946609802700591        0.201067783555291044545         17.4760323700669718480         7632754.60845286976428         0.00000000000000000000        0.202769301539592639968      
   2.25714087504696044061        0.203443009808586013762         17.3401929836149475105         7209518.06364708796173         0.00000000000000000000        0.205203243175732216597      
   2.30028135954439188343        0.205850101944531449659         17.2087831423733152725         6810075.29868682705501         0.00000000000000000000        0.207670696630285221736      
   2.34424638336200838202        0.208288515609971184054         17.0818028463420751306         6433169.98425722344155         0.00000000000000000000        0.210171138752158101855      
   2.38905170582885900427        0.210757629561287605424         16.9577755804510963891         6077182.34433360846788         0.00000000000000000000        0.212703961678339373929      
   2.43471338748031008743        0.213256906441174339721         16.8381778597705097436         5741423.74894883419529         0.00000000000000000000        0.215268655395600953971      
   2.48124779581496834597        0.215787411676616905397         16.7215331692301844985         5424593.04580011994722         0.00000000000000000000        0.217866348795136126034      
   2.52867161116163541518        0.218355980258455920783         16.6085797663651860007         5124896.37062675946163         0.00000000000000000000        0.220504092075618266962      
   2.57700183265839684950        0.220962985557588559426         16.4978411361053835527         4841134.71573058449530         0.00000000000000000000        0.223182302322839685145      
   2.62625578434598878994        0.223607998687135517792         16.3907937935209078520         4572909.07458338744118         0.00000000000000000000        0.225900587532292856016      
   2.67645112137762647571        0.226290502947322563038         16.2866994810766935499         4319466.50119994251872         0.00000000000000000000        0.228658460519447589919      
   2.72760583634752052274        0.229009903570245256220         16.1848199412376752976         4079801.85520072761278         0.00000000000000000000        0.231455348377524029510      
   2.77973826574034943611        0.231765672551109554240         16.0858934315389184438         3853509.31025647696970         0.00000000000000000000        0.234290759080286603122      
   2.83286709650400017873        0.234557204038044669851         15.9899199519804229878         3639900.26520030828465         0.00000000000000000000        0.237164114771050896371      
   2.88701137274793280616        0.237383819097766961959         15.8961612450271235816         3438084.06627517961510         0.00000000000000000000        0.240074756531327614578      
   2.94219050256957020289        0.240244952953190031182         15.8053555682140855739         3247675.26932704692013         0.00000000000000000000        0.243022154860748083725      
   2.99842426501115985648        0.243146259136300593357         15.7167646640062436151         3067702.74028657378813         0.00000000000000000000        0.246012179320421190128      
   3.05573281714960135933        0.246091656729838490129         15.6311267899386630549         2897434.47121917579125         0.00000000000000000000        0.249048916214135913737      
   3.11413670132178100431        0.249080591235932361681         15.5469654309412131940         2736249.97468590080166         0.00000000000000000000        0.252131842346951326884      
   3.17365685248800340158        0.252112551078533170853         15.4650188445489593821         2583913.14784527958750         0.00000000000000000000        0.255260492210432178947      
   3.23431460573615955109        0.255186944549000433385         15.3852870307619016190         2439995.20696365427125         0.00000000000000000000        0.258434312608950837471      
   3.29613170392932125258        0.258303146880161214573         15.3085082471151052545         2304078.00613847521754         0.00000000000000000000        0.261652716707318392877      
   3.35913030549950314407        0.261460462961248307577         15.2324677210033742397         2175616.27007906023914         0.00000000000000000000        0.264915039380420124084      
   3.42333299239038605136        0.264658242872910160235         15.1593802250319046234         2054376.51047473456492         0.00000000000000000000        0.268220674225981009666      
   3.48876277815184873774        0.267895732406778081213         15.0877692441305657073         1939856.11606114822644         0.00000000000000000000        0.271568895258651460774      
   3.55544311618920953993        0.271176886195445231332         15.0183730358344228392         1831810.29013116538147         0.00000000000000000000        0.274963864141230203284      
   3.62339790817013485472        0.274507896317134811917         14.9504533426084106704         1729489.61846737612029         0.00000000000000000000        0.278412035465247744093      
   3.69265151259222793338        0.277888294834728799315         14.8847484219875945514         1632753.43156292388619         0.00000000000000000000        0.281913000065847976555      
   3.76322875351436906448        0.281317431021329229817         14.8197817589018437812         1541240.42379638486204         0.00000000000000000000        0.285466149944447402943      
   3.83515492945493688837        0.284794722203184359055         14.7570298684212890608         1454896.69978107716361         0.00000000000000000000        0.289070966683061214520      
   3.90845582246010044111        0.288319404347185052868         14.6964927505459303884         1373278.95629673992266         0.00000000000000000000        0.292726720644243102294      
   3.98315770734543246048        0.291890751588169883372         14.6359556326705717169         1296159.59481999153331         0.00000000000000000000        0.296432734082527671169      
   4.05928736111415662795        0.295508066994888907083         14.5783715449354744440         1223472.95568120308917         0.00000000000000000000        0.300188371560023960379      
   4.13687207255540473089        0.299170486910743052951         14.5222639722705078695         1154830.68331229167541         0.00000000000000000000        0.303992800752271833639      
   4.21593965202592425336        0.302882813994094218975         14.4668946571406066455         1090007.27327207586245         0.00000000000000000000        0.307851093075135928646      
   4.29651844141874267053        0.306651035403282177594         14.4137401146159014704         1028716.50932937419077         0.00000000000000000000        0.311769548367601175595      
   4.37863732432236171625        0.310474478327938967670         14.3613238296262616441         970734.647500411978513         0.00000000000000000000        0.315747549431506462688      
   4.46232573637412321477        0.314352472760824136765         14.3103840597067525180         915969.747876136572188         0.00000000000000000000        0.319784496581587559340      
   4.54761367581145764874        0.318284273892110859726         14.2609208048573740911         864264.353429270472304         0.00000000000000000000        0.323879707528210092717      
   4.63453171422479757698        0.322269096457846708796         14.2129340650781263635         815465.101093342453282         0.00000000000000000000        0.328032458620646048705      
   4.72311100751601030531        0.326306084983762032762         14.1656855828339439856         769374.905571252455275         0.00000000000000000000        0.332241947458769311283      
   4.81338330706627786151        0.330394435234247955247         14.1206518731949576565         725950.600104822559501         0.00000000000000000000        0.336507443503460754966      
   4.90538097111742743767        0.334533616536684867888         14.0763564210910366772         684955.487635415584748         0.00000000000000000000        0.340828477700391357588      
   4.99913697637079194056        0.338731700337888976747         14.0327992265221810474         646190.688646474955874         0.00000000000000000000        0.345213571643529839651      
   5.09468492980775828531        0.342991550859240431406         13.9907185470234561170         609603.864532596225274         0.00000000000000000000        0.349665831735876449107      
   5.19205908073624052348        0.347312342790540592893         13.9501143825948618858         575014.742146993270524         0.00000000000000000000        0.354184495529495464087      
   5.29129433306739588435        0.351693284175352658229         13.9102484757013330043         542364.430040181982690         0.00000000000000000000        0.358768855957260821238      
   5.39242625782698433400        0.356133510927160058172         13.8711208263428694724         511555.862178609074562         0.00000000000000000000        0.363418125619455983043      
   5.49549110590585636977        0.360632086313334287585         13.8334696920545366398         482464.714875063248030         0.00000000000000000000        0.368131435579282478669      
   5.60052582105413948024        0.365188085312629570921         13.7965568153012691568         455033.857626834331739         0.00000000000000000000        0.372907941920277111642      
   5.70756805312378106068        0.369800511874156200812         13.7611204536181323732         429175.505893342424827         0.00000000000000000000        0.377746720290196333429      
   5.81665617156419458272        0.374472657552106916558         13.7264223494700609391         404784.777270708394610         0.00000000000000000000        0.382651344674413717201      
   5.92782927917584656933        0.379212605259467197690         13.6932007603921202044         381746.500552241646346         0.00000000000000000000        0.387630419968905102704      
   6.04112722612671435322        0.384019743451788844225         13.6599791713141794705         359972.922335605568009         0.00000000000000000000        0.392683433231134065258      
   6.15659062423663884902        0.388893175714963936456         13.6282340973063694350         339425.970419140413185         0.00000000000000000000        0.397809589065341123504      
   6.27426086153469258263        0.393831931729018745459         13.5972272808336247492         320043.936308960819531         0.00000000000000000000        0.403008009979791103310      
   6.39418011709478109226        0.398834991307501566399         13.5676969794310107627         301766.936594103393901         0.00000000000000000000        0.408277766914270275663      
   6.51639137615479553493        0.403901262300157778832         13.5381666780283967770         284519.469850450004316         0.00000000000000000000        0.413617849372283093639      
   6.64093844552473599888        0.409029654110273209672         13.5101128916959134897         268265.639395052458525         0.00000000000000000000        0.419027261103482765939      
   6.76786596928932856826        0.414221257904680588890         13.4820591053634302025         252945.807618113975650         0.00000000000000000000        0.424507301523658260909      
   6.89721944481076477832        0.419485601472870178313         13.4554818341010776154         238483.929158124705765         0.00000000000000000000        0.430068173262300226019      
   7.02904523903729966513        0.424823046398370020440         13.4303810779088557267         224835.160595456624606         0.00000000000000000000        0.435710420075962683701      
   7.16339060512355424925        0.430232518923739409730         13.4052803217166338389         211946.027499516237370         0.00000000000000000000        0.441433070993046942898      
   7.30030369936848002764        0.435712932430086056503         13.3809178230594772998         199791.971391277771247         0.00000000000000000000        0.447235156210956006750      
   7.43983359847705690840        0.441263124636187446055         13.3572935819373861104         188334.839270114138827         0.00000000000000000000        0.453115620726471794889      
   7.58203031715191207770        0.446881880147352740355         13.3344075983503602715         177537.825405547429213         0.00000000000000000000        0.459073353862144187585      
   7.72694482602116553905        0.452567913927575458716         13.3122598722983997814         167355.070369341849101         0.00000000000000000000        0.465107164698438059052      
   7.87462906990892858071        0.458322183408188330218         13.2908504037815046418         157770.758887029464603         0.00000000000000000000        0.471218261620127347932      
   8.02513598645500426249        0.464154488585956196702         13.2701791927996748510         148717.386681017427676         0.00000000000000000000        0.477417215404355835305      
   8.17851952509046419698        0.470065198269583347786         13.2502462393529104106         140176.682134794826297         0.00000000000000000000        0.483704618682587571922      
   8.33483466637590341818        0.476053093140750566235         13.2310515434412113191         132122.814259361278999         0.00000000000000000000        0.490079379041668101622      
   8.49413744170930519548        0.482116870804589589631         13.2125951050645775780         124522.877679053075148         0.00000000000000000000        0.496540311349160063678      
   8.65648495341058008597        0.488255233098569251307         13.1941386666879438370         117368.653852372279204         0.00000000000000000000        0.503086255542331621331      
   8.82193539518997856940        0.494466742517157165109         13.1771587433814407943         110621.574088157711905         0.00000000000000000000        0.509715877365844477855      
   8.99054807300771419327        0.500749968911306151417         13.1601788200749377526         104266.916514753039671         0.00000000000000000000        0.516427869829786048792      
   9.16238342633227438941        0.507107741532048273271         13.1439371543035000596         98279.4247046612033074         0.00000000000000000000        0.523225469243787086001      
   9.33750304980503905480        0.513549246767972697838         13.1284337460671277171         92631.1414561603481417         0.00000000000000000000        0.530118707890636398658      
   9.51596971531897257556        0.520073591089714872308         13.1136685953658207243         87299.2366380652607418         0.00000000000000000000        0.537106857847172261306      
   9.69784739451930347196        0.526679384426304528406         13.0989034446645137306         82278.4693000222526891         0.00000000000000000000        0.544188686327944407277      
   9.88320128173425704442        0.533365097657714263830         13.0848765514982720874         77542.1491136356274581         0.00000000000000000000        0.551362787280138747566      
   10.0720978173440605828        0.540129194919398446402         13.0715879158670957938         73080.2811926410539201         0.00000000000000000000        0.558627767597832163937      
   10.2646047115965977931        0.546970059834090595731         13.0590375377709848491         68877.9986925309366796         0.00000000000000000000        0.565982141171642144791      
   10.4607909688782492021        0.553886224801024550980         13.0464871596748739051         64920.9490694371512269         0.00000000000000000000        0.573424581209292149415      
   10.6607269124486184510        0.560886074582554860026         13.0346750391138283109         61186.8315914069045256         0.00000000000000000000        0.580964352062046455441      
   10.8644842096480106963        0.567973693329568697489         13.0236011760878480654         57669.3570704505257893         0.00000000000000000000        0.588606122997559189926      
   11.0721358975866987460        0.575147449099857195165         13.0125273130618678208         54350.0835342965174490         0.00000000000000000000        0.596348400902931943140      
   11.2837564093251853216        0.582405682856220411475         13.0021917075709529258         51222.2892850094792614         0.00000000000000000000        0.604189687042924848637      
   11.4994216005548457685        0.589746650146370847163         12.9925943596151033804         48275.7437705320667654         0.00000000000000000000        0.612128384715654831779      
   11.7192087767885149635        0.597168542755324059212         12.9829970116592538342         45500.6453289082147720         0.00000000000000000000        0.620162828116074526250      
   11.9431967210707648966        0.604669486192918691333         12.9741379212384696385         42887.5770294989190035         0.00000000000000000000        0.628291278751626024570      
   12.1714657222178057336        0.612252453816612108640         12.9660170883527507925         40426.0844228031319432         0.00000000000000000000        0.636517249795319982038      
   12.4040976035971329998        0.619926640298415725712         12.9578962554670319464         38104.9932824585564966         0.00000000000000000000        0.644851000348236062321      
   12.6411757524572369721        0.627690646930418492293         12.9497754225813131003         35914.6881516023165624         0.00000000000000000000        0.653291320728313768516      
   12.8827851498178875796        0.635542614239145766243         12.9431311047657249536         33852.9020508789495238         0.00000000000000000000        0.661836529057208738144      
   13.1290124009317090174        0.643480550263712766678         12.9357485294150714563         31908.4340851014093730         0.00000000000000000000        0.670484773280978748559      
   13.3799457663279630810        0.651502431582601057743         12.9291042115994833095         30077.0726289209936919         0.00000000000000000000        0.679234186903397449549      
   13.6356751934496688945        0.659606155735786185549         12.9231981513189605124         28352.6025969468737280         0.00000000000000000000        0.688082809225847047061      
   13.8962923488953994291        0.667792427092445437008         12.9172920910384377152         26728.5653198140509161         0.00000000000000000000        0.697031742324107191392      
   14.1618906512773119165        0.676071531798213655635         12.9121242882929802677         25197.3705441045755258         0.00000000000000000000        0.706092552519738681275      
   14.4325653047071901704        0.684442854205129732367         12.9069564855475228202         23753.9930053040643205         0.00000000000000000000        0.715264919000405324638      
   14.7084133329225019418        0.692904261540656868932         12.9025269403371307224         22393.7951558965900354         0.00000000000000000000        0.724546872667385973693      
   14.9895336140647038453        0.701453536050715145732         12.8980973951267386237         21112.3164182727505693         0.00000000000000000000        0.733936352769075400987      
   15.2760269161222601818        0.710088370510361042195         12.8944061074514118755         19903.9842065985263329         0.00000000000000000000        0.743431192082890602603      
   15.5679959330510802873        0.718806425637701291488         12.8907148197760851272         18767.3547284018209300         0.00000000000000000000        0.753029206988439191227      
   15.8655453215853217879        0.727466209134313934314         12.8870235321007583790         17712.5031615466512882         0.00000000000000000000        0.762574250727768964645      
   16.1687817387517547042        0.735501756598715849547         12.8840705019604969805         16790.7070464401668239         0.00000000000000000000        0.771437407398523000528      
   16.4778138801011334400        0.742895919387819534849         12.8803792142851702323         15983.7315082200063543         0.00000000000000000000        0.779594880864513518936      
   16.7927525186702807630        0.749695394935623906025         12.8766879266098434841         15272.0370681240188944         0.00000000000000000000        0.787095112321467758085      
   17.1137105446888498229        0.753688773121292617560         12.8722583813994513862         14850.2860687394303669        0.856378740675820367449        0.791485507012909912043      
   17.4408030060449970918        0.757320246482219938330         12.8656140635838632394         14457.7345724381383665         1.25872909728643593054        0.795461474449784759278      
   17.7741471495244712803        0.761071432077082592237         12.8589697457682750927         14055.8565493249127698         1.56215294419829463961        0.799560861903353902098      
   18.1138624628379003960        0.764960154578369444327         12.8508489128825562457         13645.4417442700328342         1.81759005133090562100        0.803805397168442717977      
   18.4600707174513416972        0.768993575743431318197         12.8419898224617720500         13228.9355595531862964         2.04349685706090261595        0.808204208062650943253      
   18.8128960122354472340        0.773193254295126744936         12.8323924745059225047         12808.1685066031944160         2.24799419427400447107        0.812782296809782687868      
   19.1724648179488910676        0.777569160944991706413         12.8227951265500729593         12384.6889687095726025         2.43624986571566863364        0.817551611500845998586      
   19.5389060225720033251        0.782107753715707819614         12.8124595210591580635         11960.4347953144090608         2.61269341659628720172        0.822497583878611498109      
   19.9123509775068610016        0.786813342587813210091         12.8013856580331778189         11536.0832240879206037         2.77953961952105622424        0.827625616525408529657      
   20.2929335446603960006        0.791708445832641250243         12.7895735374721322246         11113.5664946258333723         2.93752673202504105084        0.832961704003251578198      
   20.6807901444273974263        0.796776021060782249986         12.7784996744461519800         10695.1585429152283755         3.08886952671343773045        0.838487185293520910262      
   21.0760598045906076964        0.802040587574730877386         12.7666875538851063848         10279.5733069376673710         3.23356800358624626329        0.844230358208236091250      
   21.4788842101554408020        0.807488547356228033918         12.7548754333240607906         9869.41179341896634547         3.37309867771359734841        0.850176428127249108257      
   21.8894077541371860386        0.813118376695407940342         12.7430633127630151963         9465.77768165466124195         3.50819980663055633568        0.856324231260811558444      
   22.3077775893189019594        0.818944317100111843319         12.7305129346669042515         9069.06553903597820820         3.63887139033712322510        0.862690572132066335002      
   22.7341436809985532417        0.824959845992041631560         12.7187008141058586572         8680.38430747044994273         3.76585168636836336610        0.869268662641755877451      
   23.1686588607442977596        0.831175971713506744497         12.7061504360097477133         8299.56475605427433795         3.88914069472427675889        0.876071709750728723660      
   23.6114788811771925334        0.837581952984537892099         12.6943383154487021191         7928.73365344180388270         4.00947667293992875311        0.883088120389465645573      
   24.0627624718009554862        0.844185602018019122267         12.6817879373525911743         7567.11159349716105371         4.12685962101531934832        0.890327518255017630701      
   24.5226713958987952817        0.850972538833369185427         12.6699758167915455800         7216.07135887041891165         4.24202779648551389505        0.897774096485207123253      
   24.9913705085177039883        0.857970342056816839338         12.6581636962304999857         6875.27084696497443028         4.35424294181544704278        0.905460315369913697507      
   25.4690278155609971383        0.865163092518818551432         12.6463515756694543906         6545.39910251119349560         4.46424331454018414158        0.913368630032160986199      
   25.9558145340102829780        0.872532552596956595956         12.6345394551084087963         6226.59022795912961623         4.57276717219479054109        0.921478698661734065532      
   26.4519051532984475726        0.880127776504402863512         12.6234655920824285517         5918.46339904907225682         4.67833799970913554204        0.929848137272480838498      
   26.9574774978556550038        0.887906641425282218514         12.6116534715213829574         5621.52860366103386625         4.78243231215334984371        0.938429025005688388335      
   27.4727127908507823741        0.895871498633870351057         12.6013178660304680616         5336.47449359401737334         4.88505010952743344609        0.947224886556529136166      
   27.9977957191511378221        0.904048117453834056145         12.5902440030044878170         5062.12341804003335222         4.98545313429632099955        0.956266630182353790399      
   28.5329144995237464488        0.912414740304109879790         12.5799083975135729220         4798.76464478147739046         5.08437964399507785372        0.965529850093972770789      
   29.0782609461019341344        0.920972674712073497544         12.5695727920226580270         4546.57791047491997505         5.18182963862370400817        0.975017019408811642174      
   29.6340305391413927228        0.929723280100401626479         12.5599754440668084808         4305.35688474236581369         5.27780311818219946378        0.984730687273364131283      
   30.2004224950903722800        0.938667266729907611702         12.5503780961109589354         4074.87736947514367403         5.37230008267056422010        0.994672706508039669311      
   30.7776398379991172373        0.947804947173545729827         12.5415190056901747397         3854.63918805541134160         5.46532053208879827670         1.00484451236615647735      
   31.3658894722941431702        0.957136444628330652451         12.5319216577343251944         3644.42270733627722645         5.55686446643690163403         1.01524736308741492762      
   31.9653822569434403165        0.966636697074821132827         12.5238008248486063483         3444.62282758899711821         5.64767014324993964214         1.02585263088597633974      
   32.5763330810391884725        0.976330060161864129531         12.5156799919628875014         3254.04194888108599271         5.73699930499284695053         1.03669026674673620220      
   33.1989609408250759166        0.986215765006767317187         12.5075591590771686553         3073.08842160737762406         5.82485195166562355965         1.04776061497289639751      
   33.8334890181958330493        0.996267492908008339692         12.5001765837265151589         2901.13615952298905465         5.91196634080333481912         1.05903341287939074193      
   34.4801447606971189150         1.00650942148030112173         12.4935322659109270121         2737.94153600142943894         5.99760421487091537930         1.07053873891049199216      
   35.1391599630544367305         1.01691432367464704807         12.4861496905602735157         2583.10645445689882571         6.08250383140343058985         1.08224516611136212100      
   35.8107708502603026106         1.02750611653676804293         12.4802436302797507177         2436.38749866717031978         6.16592693286581510111         1.09418269501952351754      
   36.4952181622494501410         1.03825739597577784766         12.4743375699992279206         2297.53360407641202956         6.24861177679313426273         1.10631953974737779790      
   37.1927472401924228244         1.04919162632895179453         12.4684315097187051235         2165.98632752019156889         6.32982010565032272506         1.11868536449044739592      
   37.9036081144384864212         1.06028057922306656645         12.4632637069732476760         2041.64902904469145317         6.41029017697244583732         1.13124729948524436075      
   38.6280555941393844849         1.07152176428709907210         12.4580959042277902285         1924.04890932283875316         6.49002199075950360037         1.14400350322778181786      
   39.3663493585860628232         1.08293824516917509891         12.4544046165524634803         1813.09552859484018728         6.56827728947643066414         1.15698348912789225574      
   40.1187540502911027251         1.09450113562467383045         12.4499750713420713824         1708.14082672026303833         6.64579433065829237827         1.17015332182436979905      
   40.8855393698502284465         1.10620759616878475780         12.4462837836667446342         1609.24947269650573034         6.72257311430508874232         1.18351078870884434953      
   41.6669801726168922244         1.11805429212096653737         12.4425924959914178860         1515.88578699155246221         6.79861364041681975716         1.19705306724421973194      
   42.4633565672245899651         1.13006372864486160669         12.4396394658511564874         1427.86517133535963608         6.87317765145842007228         1.21080940654713070962      
   43.2749540159922230845         1.14220667435530821485         12.4366864357108950880         1344.92740080813831949         6.94700340496495503820         1.22474506358794934646      
   44.1020634372484969694         1.15447939539322353103         12.4344716631056990391         1266.80017448569847049         7.02009090093642465404         1.23885674609200903331      
   44.9449813096120343349         1.16687819821187770760         12.4315186329654376405         1193.13922642388241036         7.09244013937282892068         1.25314119059017927446      
   45.8040097782645829055         1.17942526343389040026         12.4300421178953069412         1123.79114141179822750         7.16331286273910248759         1.26762761330800148910      
   46.6794567632554112148         1.19209056859914918063         12.4285656028251762419         1058.52138283301706012         7.23344732857031070530         1.28227990909137217021      
   47.5716360698757143276         1.20486989942214620954         12.4270890877550455426         997.029578004041528494         7.30284353686645357293         1.29709414732293351017      
   48.4808675011425934016         1.21775892150562106003         12.4263508302199801930         939.245082569781886805         7.37150148762753109092         1.31206624884656937371      
   49.4074769724329291957         1.23075328190349804816         12.4248743151498494937         884.821887104113517786         7.43942118085354325927         1.32719207538581379256      
   50.3517966283082400863         1.24384890009430766459         12.4241360576147841441         833.631982078728682450         7.50660261654449007841         1.34246778843456687292      
   51.3141649615724007374         1.25706661475826556810         12.4241360576147841441         785.504988732957719511         7.57230753716530619784         1.35792154416629808002      
   52.2949269346048978245         1.27037633247905234438         12.4241360576147841441         740.249148918169078470         7.63727420025105696762         1.37351636597566505074      
   53.2944341030131148382         1.28374810370864941183         12.4241360576147841441         697.676513988360797347         7.70224086333680773740         1.38921497804475538296      
   54.3130447416479694156         1.29722780980173859255         12.4241360576147841441         657.663766471626180410         7.76573101135242780790         1.40507792862857237197      
   55.3511239730280736430         1.31081051646263094679         12.4248743151498494937         620.018207966956326205         7.82774464429791717911         1.42110052663823083273      
   56.4090438982184511039         1.32444106402488384676         12.4256125726849148434         584.648369869800438481         7.88975827724340655032         1.43721253080611360853      
   57.4871837302107244645         1.33813979824238818591         12.4263508302199801930         551.352094881236997725         7.95103365265383057190         1.45344160118940689957      
   58.5859299298525838667         1.35192649469330059637         12.4270890877550455426         520.106228224218056222         8.01083251299412389419         1.46981517934573022068      
   59.7056763443752602089         1.36574657543253879469         12.4278273452901108923         490.669298646414302228         8.07063137333441721604         1.48626288240846217035      
   60.8468243485686587808         1.37964439242206830577         12.4293038603602415916         463.045864010763765256         8.12895371860457983948         1.50284453563783668389      
   62.0097829886547576260         1.39359009411807622148         12.4307803754303722909         437.037706382882912254         8.18653780633967711241         1.51952211006478315764      
   63.1949691289108423098         1.40757851885207091046         12.4322568905005029901         412.610236425170447599         8.24338363653970903570         1.53629006122629254317      
   64.4028076010951343877         1.42160479178607893503         12.4337334055706336894         389.606749363166699529         8.29949120920467561021         1.55314311762349241029      
   65.6337313567283754043         1.43566390030088757873         12.4352099206407643887         367.996959108201301125         8.35486052433457683421         1.57007581666273793753      
   66.8881816222859520576         1.44975018567000946536         12.4366864357108950880         347.667791595150621198         8.40949158192941270858         1.58708184474932919162      
   68.1666080573561912540         1.46385805403269610148         12.4381629507810257873         328.517141953466804555         8.46338438198918323416         1.60415490513841199735      
   69.4694689158215172645         1.47800645180505749350         12.4396394658511564874         310.542716793601348974         8.51580066697882305960         1.62132204181589541225      
   70.7972312101202465653         1.49214254169668827325         12.4411159809212871867         293.605924425300181785         8.56821695196846288504         1.63851250379515081372      
   72.1503708786479001497         1.50630872022006912089         12.4433307535264832356         277.705925058409492406         8.61915672188797201119         1.65578535576712238735      
   73.5293729563580387432         1.52047589554069429568         12.4448072685966139349         262.717160711208875118         8.66935823427241578857         1.67310200135853403625      
   74.9347317486237729234         1.53463888251601891441         12.4462837836667446342         248.604302564346142948         8.71882148912179421544         1.69045639490634668292      
   76.3669510084222690968         1.54879242473449000239         12.4477602987368753335         235.332253606289042366         8.76754648643610729267         1.70784234973472897777      
   77.8265441169057633972         1.56293146421772476292         12.4499750713420713824         222.830623435838903815         8.81553322621535502025         1.72525384644511655123      
   79.3140342674238094448         1.57705082266612344496         12.4514515864122020817         211.052469932365117253         8.86278170845953739820         1.74268468013988982158      
   80.8299546530627230009         1.59114538105885669147         12.4529281014823327810         199.969090661577084650         8.90929193316865442650         1.76012864685756086091      
   82.3748486577694473965         1.60521010357309438154         12.4536663590173981306         189.508006544888812792         8.95506390034270610516         1.77757958658017114323      
   83.9492700511283482315         1.61926244357755701869         12.4551428740875288299         179.677565555705574502         8.99935935244662708454         1.79506326627489912109      
   85.5537831868607555261         1.63325243949954335826         12.4566193891576595292         170.390864450908247965         9.04365480455054806391         1.81250966204368992550      
   87.1889632051184056971         1.64721985743434010672         12.4573576466927248788         161.648736102557250727         9.08647374158433834487         1.82997626538484763374      
   88.8553962386432957254         1.66111501275902489051         12.4588341617628555781         153.397325873990209882         9.12929267861812862497         1.84739282928747926575      
   90.5536796228678479911         1.67497749209572748973         12.4595724192979209278         145.626872654247774080         9.17063510058178820578         1.86481694892784110240      
   92.2844221100306962152         1.68878025428993661040         12.4603106768329862774         138.292698945906817776         9.21123926501038243608         1.88221052387560276807      
   94.0482440873848429264         1.70249692158787986509         12.4610489343680516270         131.363777544945882020         9.25184342943897666724         1.89953579909545292308      
   95.8457777995764052606         1.71616636719269696797         12.4610489343680516270         124.835040393917579248         9.29097107879744019913         1.91684997708006443437      
   97.6776675752736613309         1.72976208301224673399         12.4617871919031169767         118.668082749996838053         9.32936047062083838137         1.93411511730392875782      
   99.5445700581276323865         1.74327958556648745126         12.4617871919031169767         112.841408696734427745         9.36701160490917121397         1.95132517215334812851      
   101.447154442146989226         1.75673560650700522913         12.4617871919031169767         107.356821755575696085         9.40318622412737334729         1.96850552994964469859      
   103.386102711571653136         1.77008321853821633772         12.4617871919031169767         102.158863221195877362         9.43936084334557548060         1.98558716638101084449      
   105.362109885331074591         1.78333927425890064388         12.4610489343680516270         97.2514061293376401232         9.47479720502871226428         2.00259538574601087977      
   107.375884266174815969         1.79649934943463960592         12.4603106768329862774         92.6096459183608386109         9.50949530917678369831         2.01952397668472872160      
   109.428147694564739688         1.80958004123576768536         12.4595724192979209278         88.2300339712256033800         9.54271689825472443219         2.03639835044462626647      
   111.519635807419809581         1.82253626831852547389         12.4588341617628555781         84.0801979683593081888         9.57593848733266516694         2.05315079729262321673      
   113.651098301806253360         1.83538483568949502690         12.4573576466927248788         80.1517577149831508612         9.60842181887554055205         2.06980676967535615497      
   115.823299203667605790         1.84814202862026552034         12.4558811316225941795         76.4427354503446973011         9.63942863534828523787         2.08639145099645283545      
   118.037017141690959675         1.86076334471824095522         12.4544046165524634803         72.9248699513886030066         9.67043545182102992283         2.10283706813748577343      
   120.293045626407592262         1.87328541866791760829         12.4521898439472674313         69.6021835460226170195         9.69996575322364390937         2.11919990283068272394      
   122.592193334628011159         1.88545978883810911707         12.4499750713420713824         66.5011376861848338415         9.72875779709119254627         2.13514625778973651565      
   124.935284399313375717         1.89414858166906125477         12.4470220412018099838         64.3043956271716807896         9.74795249300289163696         2.14657539172397604922      
   127.323158704987199216         1.89999721100087979469         12.4425924959914178860         62.7063671682287212261         9.76050287109900258174         2.15431514229924799268      
   129.756672188793222025         1.90544682467202911112         12.4359481781758297383         61.1651666936316349733         9.77083847658991747672         2.16156683377361706687      
   132.236697147307370848         1.91069495544180884678         12.4278273452901108923         59.6413592476181689817         9.78043582454576702206         2.16857771191039543470      
   134.764122549213781019         1.91580087008106620978         12.4197065124043920462         58.1425950343367296674         9.78929491496655121777         2.17542373271678318248      
   137.339854353956961147         1.92079773335713576115         12.4101091644485425009         56.6665107181909005855         9.79741574785227006383         2.18214721475415796914      
   139.964815836484321426         1.92570696259715511893         12.4005118164926929555         55.2151199725691491579         9.80479832320292356111         2.18877540217652438856      
   142.639947918195470020         1.93054332128406187265         12.3894379534667127100         53.7858003352956252074         9.81144264101851170789         2.19532698086755089450      
   145.366209504216906803         1.93529851818041629655         12.3783640904407324654         52.3802422910450569855         9.81808695883409985466         2.20178538156968938442      
   148.144577827123011343         1.93999959200561701491         12.3665519698796868711         50.9996144428363205915         9.82399301911462265180         2.20819067505707803756      
   150.976048797226531803         1.94463358984265262419         12.3540015917835759264         49.6410556694020571947         9.82989907939514544893         2.21452021263157241941      
   153.861637359564137659         1.94922387524233981372         12.3407129561523996328         48.3096423627034524742         9.83506688214060289643         2.22080944555279047141      
   156.802377857704997713         1.95377366185767622868         12.3274243205212233393         47.0101604349399206893         9.83949642735099499428         2.22706226408512342977      
   159.799324404512791381         1.95826671524415337410         12.3141356848900470457         45.7352126349996102490         9.84392597256138709300         2.23325164257355449223      
   162.853551259994053388         1.96270491927501822900         12.3001087917238054016         44.4815853003294685505         9.84835551777177919085         2.23937959925986043090      
   165.966153216368292156         1.96710793452969187221         12.2853436410224984088         43.2613137624040512870         9.85204680544710593906         2.24547699626297409632      
   169.138245990497910906         1.97147625567491080337         12.2705784903211914151         42.0706881503729595781         9.85499983558736733762         2.25154416092003394848      
   172.370966623818598545         1.97579190051343445416         12.2558133396198844223         40.9061872746329464497         9.85795286572762873619         2.25755163619330688094      
   175.665473889913545918         1.98005499894538504967         12.2403099313835120798         39.7646850135803182069         9.86090589586789013476         2.26349915312165036606      
   179.022948709877583282         1.98428331070989453198         12.2240682656120743868         38.6533527394019411072         9.86312066847308618368         2.26941520809903658383      
   182.444594575620126359         1.98845832260325341436         12.2085648573757020443         37.5686077252966377921         9.86533544107828223261         2.27526951670523095773      
   185.931637981258665260         1.99259715712075421914         12.1923231916042643522         36.5169216869107009123         9.86681195614841293189         2.28108981412336787138      
   189.485328862757429411         1.99668118854624453194         12.1753432682977613096         35.4854424525014316358         9.86828847121854363118         2.28684553212732380434      
   193.106941045968817608         2.00070951639305487282         12.1583633449912582678         34.4802303180621442409         9.86976498628867433046         2.29253502697190775098      
   196.797772703238194852         2.00469861793291276525         12.1413834216847552252         33.5072348318835608605         9.87050324382373968010         2.29818529590885324522      
   200.559146818735725901         2.00864707817044364259         12.1244034983782521834         32.5604502368715861306         9.87050324382373968010         2.30379408733902448533      
   204.392411662682045151         2.01253623336298001988         12.1066853175366837920         31.6389467044565000191         9.87050324382373968010         2.30933060247472310487      
   208.298941274637749096         2.01636498415300553463         12.0889671366951153997         30.7398586427328403530         9.87050324382373968010         2.31479289523301375855      
   212.280135956029947814         2.02013195798617594691         12.0712489558535470083         29.8655960393063783127         9.87050324382373968010         2.32017863570189721597      
   216.337422772092421996         2.02385279042243993591         12.0527925174769132664         29.0188023735564733663         9.86976498628867433046         2.32551383914154718817      
   220.472256063399306633         2.02752592630917092978         12.0343360791002795254         28.1989280685418710597         9.86828847121854363118         2.33079603643128488184      
   224.686117967175661911         2.03113297008273098140         12.0158796407236457835         27.4000358215012619727         9.86681195614841293189         2.33599452434363708594      
   228.980518948571795210         2.03467272164124362449         11.9974232023470120424         26.6242582723096585257         9.86533544107828223261         2.34110719221133921396      
   233.356998342091770740         2.03814369157908342029         11.9782285064353129517         25.8688597878165895318         9.86385892600815153333         2.34613147519550993688      
   237.817124903370182495         2.04157734966357233249         11.9590338105236138602         25.1434544577163453967         9.86090589586789013476         2.35112055719395379966      
   242.362497371494975906         2.04492311925300912024         11.9405773721469801191         24.4345888926216428718         9.85869112326269408583         2.35598893927650030584      
   246.994745042077883321         2.04821216640862731697         11.9206444187002156779         23.7476444835927796382         9.85573809312243268727         2.36078936347590474906      
   251.715528351277891758         2.05142693452040492195         11.9014497227885165873         23.0813325186533074198         9.85278506298217128870         2.36549199913621570075      
   256.526539470987086478         2.05458202393670963360         11.8815167693417521461         22.4378253301929825782         9.84909377530684454049         2.37012172363993293815      
   261.429502915392216134         2.05766029254344051040         11.8615838158949877057         21.8120371724096489222         9.84540248763151779228         2.37464918429193908998      
   266.426176159129402071         2.06066036692830602782         11.8416508624482232645         21.2054506190890763358         9.84171119995619104407         2.37907195706972112489      
   271.518350267253570418         2.06359678134667444307         11.8217179090014588242         20.6199839305547958038         9.83728165474579894535         2.38341492135610955277      
   276.707850537248420342         2.06645266338729643291         11.8010466980196290334         20.0491956987288230032         9.83285210953540684750         2.38764894101943895709      
   281.996537153307058304         2.06922692100762007522         11.7811137445728645930         19.4979100844551331249         9.82842256432501474965         2.39177198954480334171      
   287.386305853117825365         2.07193379585901565573         11.7604425335910348022         18.9645220656514950728         9.82325476157955730216         2.39580862421516798235      
   292.879088607394328897         2.07455681911134448927         11.7405095801442703619         18.4478534807434096602         9.81808695883409985466         2.39973016608844857164      
   298.476854312393256541         2.07711024402336420260         11.7191001116273752214         17.9481933257754623454         9.81218089855357705753         2.40356127615633358282      
   304.181609495668206861         2.07957776978935454247         11.6984289006455454314         17.4642981601855492337         9.80627483827305426040         2.40727340980536873424      
   309.995399035312515112         2.08195865914580010344         11.6777576896637156406         16.9942275547450479742         9.80036877799253146326         2.41086499222618331497      
   315.920306892948887650         2.08426682232495229241         11.6563482211468205010         16.5412725786414958103         9.79372446017694331562         2.41436031252606348244      
   321.958456860728586435         2.08648667641583086341         11.6356770101649907101         16.1013091610582131860         9.78708014236135516884         2.41773171840238281166      
   328.112013322607926513         2.08863193770590417175         11.6142675416480955705         15.6788600288962188013         9.77969756701070167242         2.42100328331388153433      
   334.383182030174967242         2.09067289284436007464         11.5928580731312004300         15.2651973749475513981         9.77305324919511352565         2.42412207074397804789      
   340.774210893304493386         2.09265225868302508303         11.5714486046143052904         14.8687798181609328058         9.76493241630939467959         2.42716366346758000453      
   347.287390785924697606         2.09452634509969312258         11.5500391360974101499         14.4818999355925470910         9.75754984095874118317         2.43005005182880703843      
   353.925056367184392797         2.09632301247351025874         11.5286296675805150103         14.1093699702634588176         9.74942900807302233624         2.43283066042839347053      
   360.689586918315102576         2.09802759277293323541         11.5072201990636198699         13.7488643985238565238         9.74130817518730349018         2.43547895271609295630      
   367.583407195488004710         2.09965369283734675236         11.4850724730116593806         13.4006052260675881591         9.73244908476651929448         2.43801901452559178769      
   374.608988298971434916         2.10117298946258483422         11.4629247469596988905         13.0606600458272776094         9.72432825188080044842         2.44039957506595573278      
   381.768848558900502854         2.10262673457774181994         11.4415152784428037509         12.7352436902631675156         9.71473090392495090308         2.44269465279060520816      
   389.065554437976323876         2.10397316546769729212         11.4193675523908432607         12.4175467214956499074         9.70587181350416670651         2.44482848593241272259      
   396.501721451418442765         2.10523961393916693940         11.3972198263388827715         12.1118281667083759617         9.69627446554831716116         2.44685009108099259701      
   404.080015104500205991         2.10641211853882676032         11.3750721002869222814         11.8149721158301282504         9.68667711759246761582         2.44873381756229519662      
   411.803151848003144181         2.10749056765367111287         11.3529243742349617921         11.5267399568408441682         9.67707976963661807047         2.45047901089690701656      
   419.673900051932848909         2.10848836800654984092         11.3307766481830013020         11.2494750067932790969         9.66674416414570317462         2.45210972040977491135      
   427.695080997845373666         2.10939194893251518608         11.3086289221310408127         10.9812210875686823586         9.65640855865478827964         2.45360077786748386527      
   435.869569890139859220         2.11021453861984969341         11.2857429385440149730         10.7222735573664624108         9.64533469562880803501         2.45497600278533896858      
   444.200296886679884600         2.11092988733429553073         11.2635952124920544828         10.4692920157058729225         9.63499909013789314002         2.45618670534287164651      
   452.690248149112968723         2.11156427844072827659         11.2407092289050286439         10.2251099681151328396         9.62392522711191289453         2.45728078395425125345      
   461.342466913264714012         2.11210501670991447165         11.2185615028530681538         9.98890338981867250204         9.61285136408593264990         2.45823427960182298011      
   470.160054579991274398         2.11256481864976786156         11.1956755192660423149         9.76181706882622219311         9.60103924352488705563         2.45907043169223532217      
   479.146171826881166755         2.11293120323463851497         11.1735277932140818248         9.54125623222020553815         9.58922712296384146136         2.45976555137244713299      
   488.304039741204915726         2.11320448017810781313         11.1506418096270559859         9.32706318347437785769         9.57741500240279586623         2.46031968905163554045      
   497.636940974518640818         2.11338496403116627635         11.1277558260400301461         9.11901863883683435827         9.56560288184175027196         2.46073292124522696148      
   507.148220919335454060         2.11348556160585201416         11.1048698424530043073         8.91908600793015108633         9.55305250374563932805         2.46102883194205965733      
   516.841288908286448034         2.11348178140508089970         11.0819838588659784675         8.72358595705179136297         9.54124038318459373291         2.46116105092842249588      
   526.719619436201116291         2.11341098088405755003         11.0598361328140179782         8.53707231870733473846         9.52795174755341743936         2.46119922342020779841      
   536.786753405545261297         2.11323710064438195105         11.0362118916919267888         8.35377685222498709769         9.51540136945730649545         2.46107500822704773754      
   547.046299395662819764         2.11298557308260390327         11.0140641656399662996         8.17842743322207920125         9.50211273382613020103         2.46083580956754262780      
   557.501934956276567534         2.11263259526541736198         10.9904399245178751102         8.00607189216906129248         9.48956235573001925711         2.46043608699784431592      
   568.157407925711360197         2.11220280162809018621         10.9675539409308492704         7.83985362982871140025         9.47627372009884296356         2.45992189910026880055      
   579.016537774312428977         2.11169642425677058385         10.9446679573438234315         7.68095410209342169781         9.46224682693260131950         2.45929336966446849817      
   590.083216973540282513         2.11109070068155075216         10.9217819737567975917         7.52468071858852282502         9.44895819130142502595         2.45850649108913311839      
   601.361412391232968533         2.11040972616868695148         10.8988959901697717528         7.37400038130126024224         9.43493129813518338275         2.45760670836500689975      
   612.855166713535829237         2.10964236018590592424         10.8752717490476805634         7.22826192575690959757         9.42090440496894173869         2.45657227877006281128      
   624.568599894008442297         2.10878950991347073238         10.8523857654606547245         7.08662474279187861543         9.40687751180270009550         2.45540431581208490482      
   636.505910630428184571         2.10786338432351568655         10.8294997818736288848         6.95073094791821295734         9.39211236110139310266         2.45412572503464383646      
   648.671377869819777540         2.10684191793232702549         10.8066137982866030459         6.81695691589681120395         9.37808546793515145860         2.45269353213491601200      
   661.069362342250298192         2.10574861088880013272         10.7829895571645118565         6.68864519830335908790         9.36332031723384446576         2.45115246313662536000      
   673.704308123939443143         2.10457303587296758055         10.7601035735774860167         6.56393630825906587061         9.34855516653253747292         2.44948183340016610284      
   686.580744230245347715         2.10331597200616020934         10.7372175899904601778         6.44275069428417252512         9.33379001583123047922         2.44768265015759825249      
   699.703286239096966914         2.10198955391562352182         10.7143316064034343381         6.32658024747030103569         9.31828660759485813674         2.44577780636064210447      
   713.076637945454940570         2.10057232474021014930         10.6907073652813431495         6.21209008713659285514         9.30352145689355114391         2.44372523260366934935      
   726.705593047393985873         2.09908740699605751777         10.6678213816943173098         6.10239038182672318376         9.28801804865717880056         2.44156922490912327859      
   740.595036864411197353         2.09752474967136576657         10.6441971405722261212         5.99576943615699038117         9.27251464042080645808         2.43928969055814176916      
   754.749948088576183614         2.09588527095999999908         10.6213111569852002814         5.89213930768149211610         9.25701123218443411560         2.43688789362743064631      
   769.175400569150743035         2.09416994241934144544         10.5984251733981744426         5.79196776992196841116         9.24150782394806177226         2.43436521409884595087      
   783.876565131317778690         2.09237977468992032834         10.5755391898111486028         5.69408899630162550860         9.22600441571168942978         2.43172303539257681892      
   798.858711429671378368         2.09052659293702907078         10.5519149486890574134         5.60042700401109045999         9.20976274994025173679         2.42898395865015130917      
   814.127209837132446157         2.08860050156853854146         10.5290289651020315745         5.50938963153597208774         9.19352108416881404467         2.42612815175617000936      
   829.687533369966969787         2.08659194153147144039         10.5061429815150057347         5.41950533098706325541         9.17801767593244170219         2.42313633611987479439      
   845.545259649596949614         2.08452330070823451964         10.4832569979279798958         5.33355359661454433073         9.16177601016100400921         2.42005185753964749862      
   861.706072901907203510         2.08238486533855406829         10.4596327568058887064         5.25002162822539476588         9.14553434438956631709         2.41685520282845964419      
   878.175765994764702893         2.08018831310489535368         10.4367467732188628675         5.17023657156175677103         9.12855442108306327532         2.41356879659727129993      
   894.960242514480789622         2.07791370884373115951         10.4145990471669023774         5.09184440758440557155         9.11231275531162558234         2.41015290390884400797      
   912.065518881960587083         2.07557274828441439755         10.3909748060448111889         5.01520659776532870327         9.09607108954018789022         2.40662996079853934136      
   929.497726509298141551         2.07317667118951400322         10.3688270799928506987         4.94205250684015002117         9.07909116623368484759         2.40302178488913822409      
   947.263113997590327553         2.07071612479758580686         10.3459410964058248598         4.87099808508563156175         9.06211124292718180583         2.39930943596100304397      
   965.368049376757329405         2.06818250192679268769         10.3230551128187990201         4.80070563500256436039         9.04586957715574411371         2.39547514364706318939      
   983.819022388172563010         2.06559673764293599265         10.3001691292317731803         4.73368124414405250190         9.02888965384924107108         2.39156017738319797024      
   1002.62264681092025242         2.06295011050381172507         10.2772831456447473414         4.66859272028518874085         9.01190973054273802931         2.38754658974111321499      
   1021.78566283251451036         2.06024368320533952850         10.2543971620577215017         4.60495964534972447449         8.99492980723623498669         2.38343604131211075350      
   1041.31493946492971125         2.05747845461204348708         10.2315111784706956628         4.54359721883176312244         8.97794988392973194492         2.37923012076399544848      
   1061.21747700680818594         2.05466557363808191832         10.2093634524187351726         4.48524219773585150267         8.96023170308816355352         2.37495048465899950309      
   1081.50040955272782051         2.05178625422622376139         10.1872157263667746834         4.42739575616289150750         8.94325177978166051089         2.37055934640394952721      
   1102.17100755042900972         2.04885171148934492583         10.1643297427797488436         4.37084744099625747277         8.92627185647515746913         2.36607844486270938616      
   1123.23668040691760772         2.04587276751228315259         10.1421820167277883544         4.31755361425740799650         8.90855367563358907686         2.36152899653738811560      
   1144.70497914437803499         2.04283099226247554740         10.1192960331407625146         4.26427471067870905545         8.89157375232708603510         2.35687379664256635783      
   1166.58359910684856264         2.03974690812356982219         10.0971483070888020253         4.21415379853349502705         8.87385557148551764282         2.35215339297507653252      
   1188.88038271862897965         2.03660248234868744522         10.0750005810368415352         4.16402018874177261417         8.85687564817901460106         2.34733123897995050338      
   1211.60332229540940319         2.03341796731149604903         10.0528528549848810460         4.11692198247997886464         8.83915746733744620966         2.34244747993390900302      
   1234.76056290912788327         2.03017544065149975799         10.0307051289329205558         4.06977165356913489101         8.82217754403094316703         2.33746574370019688906      
   1258.36040530758371481         2.02689494728928871104         10.0085574028809600666         4.02517040138662512841         8.80445936318937477563         2.33242588441754790233      
   1282.41130888985299652         2.02356807299140204555         9.98640967682899957647         3.98195992995485500044         8.78674118234780638335         2.32731060747984845995      
   1306.92189473857297988         2.02019621463908193178         9.96426195077703908635         3.94011535005272953407         8.76902300150623799195         2.32212216068569593931      
   1331.90094871018213263         2.01677107388580966157         9.94285248226014394674         3.89852735393565154667         8.75204307819973495019         2.31684351782183446970      
   1357.35742458422362167         2.01331213647807520249         9.92070475620818345661         3.85933625103903890814         8.73432489735816655792         2.31151362951241795508      
   1383.30044727284108419         2.00981160971679777803         9.89929528769128831700         3.82143212217645347967         8.71660671651659816651         2.30611618292717035993      
   1409.73931609161713907         2.00627029195392107374         9.87788581917439317652         3.78475774224767913491         8.69888853567502977424         2.30065257045766838003      
   1436.68350809292707182         2.00268957150320252411         9.85573809312243268727         3.74895256805866588655         8.68117035483346138284         2.29512504275284324800      
   1464.14268146300254214         1.99907013225321153038         9.83506688214060289643         3.71471541834349739688         8.66345217399189299057         2.28953484725564364701      
   1492.12667898392299570         1.99541349936688400040         9.81291915608864240717         3.68128532592292509115         8.64573399315032459916         2.28388443258357815729      
   1520.64553156177573390         1.99172059628623745770         9.79224794510681261633         3.64901641369648509585         8.62801581230875620776         2.27817539398883147218      
   1549.70946182224931953         1.98799254988234739725         9.77083847658991747672         3.61824392994011689905         8.61029763146718781549         2.27240962609439786841      
   1579.32888777494916133         1.98422155807960563269         9.74942900807302233624         3.58722875058020843823         8.59331770816068477373         2.26657098894930977037      
   1609.51442654774875940         1.98042641278605967758         9.72875779709119254627         3.55831105720986503736         8.57559952731911638146         2.26069715802253771129      
   1640.27689819251519221         1.97659931043196398007         9.70808658610936275543         3.53046509118066235262         8.55788134647754799005         2.25477198133955494971      
   1671.62732956357301528         1.97274150554021474697         9.68667711759246761582         3.50332400193070844828         8.54016316563597959778         2.24879753265997203411      
   1703.57695827029681446         1.96885374733050544588         9.66600590661063782498         3.47757596176624266373         8.52244498479441120638         2.24277516954201507765      
   1736.13723670524922149         1.96493740587682834788         9.64533469562880803501         3.45249036899892391668         8.50472680395284281497         2.23670713027797349185      
   1769.31983614930828919         1.96098463219213254704         9.62466348464697824417         3.42779600065649086324         8.48774688064633977234         2.23057734761234932879      
   1803.13665095525571247         1.95701383160841440613         9.60473053120021380384         3.40471765966388826424         8.47002869980477138094         2.22442271951753461055      
   1837.59980281132550917         1.95301741869888293378         9.58405932021838401300         3.38260759631013175155         8.45231051896320298867         2.21822751754659200536      
   1872.72164508624143686         1.94898778869523757267         9.56412636677161957267         3.36050102745156040965         8.43533059565669994691         2.21197605798426375563      
   1908.51476725730062978         1.94494347869475465984         9.54419341332485513148         3.34029883165720938606         8.41761241481513155550         2.20570537559067765586      
