   1.00000000000000000000        0.128967536139693846005         29.8152688111492260147         87283404.7179896583693         0.00000000000000000000        0.129251880211751574794      
   1.01904916083757681236        0.130277082745236065590         29.2158036926761620934         81525057.4782910529393         0.00000000000000000000        0.130578051342035666223      
   1.03846119220376949482        0.131605557183390157056         28.6473453906758428571         76261828.6185498979685         0.00000000000000000000        0.131923679776019062439      
   1.05824300647764086767        0.132952100531079817362         28.1039878448677455103         71414281.8875603604174         0.00000000000000000000        0.133287887012276564945      
   1.07840164771327428901        0.134316681857157588448         27.5879458278570660994         66959943.0284668096610         0.00000000000000000000        0.134670672953019087220      
   1.09894429414807229956        0.135698442947633372594         27.0933132793632818289         62837923.5754677596997         0.00000000000000000000        0.136071159697968326079      
   1.11987826075883625137        0.137098010655942696383         26.6237814870617194481         59031870.8590164682828         0.00000000000000000000        0.137490013650842840008      
   1.14121100186653710840        0.138519755158385782354         26.1719678756017254569         55488246.3909587857961         0.00000000000000000000        0.138931661731195093266      
   1.16295011379070494558        0.139964515012940790933         25.7393489600534305581         52188091.5668952966989         0.00000000000000000000        0.140396972509175280397      
   1.18510333755438233990        0.141431857851236467399         25.3237099678116387019         49106776.3214109393230         0.00000000000000000000        0.141885514661995549294      
   1.20767856164060485358        0.142921559673016237974         24.9243126413412845362         46231437.7380965994635         0.00000000000000000000        0.143397081620023292240      
   1.23068382480139015800        0.144433249685235197442         24.5418952381774334148         43545775.5479098096293         0.00000000000000000000        0.144931311722838319396      
   1.25412731892023604247        0.145966428423854999933         24.1742429857148892845         41031539.0254430236455         0.00000000000000000000        0.146487706436303619196      
   1.27801739192914660807        0.147520695173900240465         23.8198793688835214494         38676240.6072985534629         0.00000000000000000000        0.148065873944910206925      
   1.30236255078122536370        0.149095834458469901030         23.4817574178235913083         36474720.1954563778709         0.00000000000000000000        0.149665623316506060908      
   1.32717146447989372442        0.150691196580814755726         23.1554475873247067597         34409543.7926620558501         0.00000000000000000000        0.151286297204156344471      
   1.35245296716581358144        0.152306330338208421171         22.8409498773868678053         32471315.2419992986070         0.00000000000000000000        0.152927452504674623573      
   1.37821606126261315603        0.153940872697068783541         22.5390025455451397957         30653919.4754925573779         0.00000000000000000000        0.154588741972652252306      
   1.40446992068253629130        0.155598062419460353355         22.2481290767293920316         28945362.5641470383216         0.00000000000000000000        0.156273471724763114181      
   1.43122389409315667363        0.157280660640045360097         21.9675912134045591608         27336050.5966330524825         0.00000000000000000000        0.157984462700345640012      
   1.45848750824632021703        0.158988240204417985354         21.6966506980355758379         25818118.6384699527280         0.00000000000000000000        0.159721291655758222577      
   1.48627047137050100826        0.160720520855708099136         21.4345692730873767090         24388392.2715231773273         0.00000000000000000000        0.161483698044607460432      
   1.51458267662777878494        0.162477016077205060581         21.1813469385599617775         23039853.0451334861900         0.00000000000000000000        0.163271199372466016209      
   1.54343420563666893375        0.164257475389060585014         20.9369836944533310400         21771324.1721343805038         0.00000000000000000000        0.165083572225170329415      
   1.57283533206205944420        0.166061203726090309978         20.7007412832324191494         20573093.4457861194278         0.00000000000000000000        0.166920109700900998694      
   1.60279652527353314820        0.167887985788580737382         20.4726197048972261058         19445874.6339102581751         0.00000000000000000000        0.168780630606418443034      
   1.63332845407337792949        0.169737178406295246649         20.2526189594477519073         18382482.7945368528017         0.00000000000000000000        0.170664487080290005572      
   1.66444199049561239749        0.171608362676865539294         20.0400007893489312070         17380627.5420565804106         0.00000000000000000000        0.172571278155198770749      
   1.69614821367737981400        0.173501505667818551584         19.8332886795306333021         16435173.8376800780479         0.00000000000000000000        0.174500983790885256226      
   1.72845841380408882465        0.175421575910143511798         19.6339591450629888953         15541829.5733744950012         0.00000000000000000000        0.176458692380432131147      
   1.76138409612970580980        0.177369541291643517282         19.4405356708758672857         14697411.9776626876856         0.00000000000000000000        0.178445410874240063736      
   1.79493698507363043328        0.179344997980917010869         19.2530182569692684732         13899451.1532735416231         0.00000000000000000000        0.180460750218246751303      
   1.82912902839561322937        0.181347441181263371618         19.0706686458081271073         13144598.6443285421665         0.00000000000000000000        0.182504212859661451126      
   1.86397240145020187012        0.183376480479935944354         18.8949633524625738891         12431629.4745484050018         0.00000000000000000000        0.184575430508088325841      
   1.89947951152223106007        0.185431562061803287248         18.7229493467923474182         11757479.9767137214894         0.00000000000000000000        0.186673856057790734617      
   1.93566300224489987734        0.187512312795045220820         18.5583179164727744455         11121780.8149714388683         0.00000000000000000000        0.188799145280074320225      
   1.97253575810200978144        0.189618070314815366525         18.3973777738285282201         10520852.9753873058216         0.00000000000000000000        0.190950634180033636725      
   2.01011090901596647484        0.191748351480067409582         18.2416054339297394413         9953606.36957817705388         0.00000000000000000000        0.193127860039586042037      
   2.04840183502317935041        0.193903230207777017369         18.0902626392413427622         9417364.06137566623420         0.00000000000000000000        0.195330917268374146782      
   2.08742217103852337689        0.196088964365109081109         17.9433493897633381808         8909718.14832435420976         0.00000000000000000000        0.197566233121162756266      
   2.12718581171055998299        0.198306831042808699895         17.8001274279606603469         8429020.83240890025900         0.00000000000000000000        0.199835140448048859569      
   2.16770691636924582525        0.200556401807666661758         17.6613350113683746125         7974033.24443391498380         0.00000000000000000000        0.202137231104113086280      
   2.20899991406789125725        0.202837154418967264668         17.5262338824514156237         7543014.91921796584438         0.00000000000000000000        0.204471995651961712035      
   2.25107950872116387522        0.205148651170824553052         17.3948240412097833857         7135364.69276547791651         0.00000000000000000000        0.206839023696936291026      
   2.29396068434096672066        0.207490368940657378492         17.2671054876434778950         6749926.80054258242853         0.00000000000000000000        0.209237811620807083953      
   2.33765871037205556792        0.209861703134372095793         17.1423399642174338030         6385144.50363729557921         0.00000000000000000000        0.211667766385631579245      
   2.38218914712929524498        0.212262135531699217862         17.0212657284667164583         6040430.74159101145960         0.00000000000000000000        0.214128395585983292260      
   2.42756785133849112301        0.214691070410265199856         16.9038827803913258643         5714746.62060419687941         0.00000000000000000000        0.216619121327114991189      
   2.47381098178276879725        0.217150771227211738913         16.7901911199912620160         5406759.31788445726397         0.00000000000000000000        0.219142297510450787543      
   2.52093500505651256179        0.219647606792750357842         16.6787142321963942175         5114858.95177408909422         0.00000000000000000000        0.221704488960886709855      
   2.56895670142891158444        0.222181393379418627162         16.5701903745417878193         4838000.41050939928982         0.00000000000000000000        0.224305539214205649072      
   2.61789317081920171497        0.224751705574261535339         16.4646195470274428179         4575862.45106700074348         0.00000000000000000000        0.226945057860760593759      
   2.66776183888573063655        0.227357980264350496090         16.3612634921182938663         4327476.56497955551777         0.00000000000000000000        0.229622501842589893574      
   2.71858046323101459831        0.229999718644188957367         16.2608604673494063116         4092501.37977942968132         0.00000000000000000000        0.232337406642938241728      
   2.77036713972499627117        0.232676343358864694204         16.1626722151857148083         3870288.81402723891142         0.00000000000000000000        0.235089221291753674352      
   2.82314030894875535880        0.235387247553044891824         16.0674369931622847019         3660208.66633205170228         0.00000000000000000000        0.237877364682812705220      
   2.87691876276096649215        0.238131796872705323200         15.9751548012791159950         3461651.99764803581229         0.00000000000000000000        0.240701227444784257299      
   2.93172165098944263132        0.240910130784663182625         15.8850873820011433369         3273761.38685189458761         0.00000000000000000000        0.243560990499991933826      
   2.98756848825014675744        0.243729665700433266662         15.7972347353283667278         3095765.82586862385597         0.00000000000000000000        0.246464335680500561503      
   3.04447916089610001429        0.246591902927859773495         15.7108586037257208180         2927131.00092603377607         0.00000000000000000000        0.249412856302874953157      
   3.10247393409866071721        0.249496294862056448816         15.6274355022633363067         2767266.56971462711476         0.00000000000000000000        0.252406034348209920408      
   3.16157345906369578931        0.252442334917467842311         15.5454889158710824948         2615970.99961702108180         0.00000000000000000000        0.255443407246929651843      
   3.22179878038521420045        0.255429436326029734889         15.4657571020840247317         2472844.84599888005846         0.00000000000000000000        0.258524424517555697121      
   3.28317134353908096005        0.258456978605487485621         15.3882400609021630176         2337498.34793528275122         0.00000000000000000000        0.261648501299248347824      
   3.34571300251948006762        0.261524267204522967476         15.3121995347904320027         2209407.30218058890819         0.00000000000000000000        0.264814970570141827933      
   3.40944602762084567819        0.264630696926028116683         15.2391120388189623865         2088501.14052713049341         0.00000000000000000000        0.268023275725656978224      
   3.47439311336803252281        0.267775855184367887838         15.1667628003825581207         1974000.81175181179060         0.00000000000000000000        0.271273029153753793166      
   3.54057738659754942185        0.270967179409300236431         15.0966283345513499030         1865726.01224972081968         0.00000000000000000000        0.274571989294164683741      
   3.60802241469273351810        0.274207107621848615386         15.0279703837902723846         1763068.68875557487331         0.00000000000000000000        0.277922724827819684549      
   3.67675221397579766276        0.277495157836615198772         14.9615272056343909159         1666013.36256768082330         0.00000000000000000000        0.281324816403946937189      
   3.74679125825973926775        0.280830612542688668793         14.8958222850135747961         1573986.58160783124310         0.00000000000000000000        0.284777572518838444191      
   3.81816448756315584136        0.284212936919162165731         14.8323321369979547260         1487066.24275822446930         0.00000000000000000000        0.288280527748510556255      
   3.89089731699107044781        0.287641373127186542085         14.7703185040524653544         1404813.74042450254467         0.00000000000000000000        0.291832956215791254113      
   3.96501564578492943919        0.291115237152480960239         14.7097813861771066829         1327096.71258485782027         0.00000000000000000000        0.295434226931055199844      
   4.04054586654499505111        0.294633772992417041636         14.6514590409069440594         1253688.28734225650044         0.00000000000000000000        0.299083628529318859763      
   4.11751487462841683556        0.298197006204424657893         14.5938749531718467865         1184354.23932291192261         0.00000000000000000000        0.302781260556323076157      
   4.19595007772632847248        0.301813041438075475799         14.5377673805068802129         1118668.64079194633621         0.00000000000000000000        0.306535598981859026000      
   4.27587940562338023054        0.305483737457897688421         14.4831363229120443376         1056507.81213177237612         0.00000000000000000000        0.310348658693797837090      
   4.35733132014318234274        0.309208453711079376479         14.4299817803873391625         997713.597575630864867         0.00000000000000000000        0.314219860258899919979      
   4.44033482528320072374        0.312986472539519027842         14.3775654953976993371         942069.413700128449307         0.00000000000000000000        0.318148539745260565149      
   4.52491947754271394864        0.316817123985036985649         14.3273639830132555606         889545.356587001951425         0.00000000000000000000        0.322134102132028815743      
   4.61111539644750914558        0.320699572233863563169         14.2779007281638771329         839874.952490354782583         0.00000000000000000000        0.326175756168668260117      
   4.69895327527506451431        0.324633008082343063795         14.2299139883846294053         792922.426090448585228         0.00000000000000000000        0.330272750768462738187      
   4.78846439198403756813        0.328616638506244398721         14.1826655061404470273         748650.533687503661952         0.00000000000000000000        0.334424364238230181355      
   4.87968062035195095875        0.332652449235830910450         14.1368935389663953487         706797.277708034097429         0.00000000000000000000        0.338632746858658743275      
   4.97263444132504186775        0.336748865850027675318         14.0925980868624743693         667208.738255975204652         0.00000000000000000000        0.342906782112707290261      
   5.06735895458431650660        0.340905850703775363113         14.0490408922936187396         629777.339267736748923         0.00000000000000000000        0.347246534785895009722      
   5.16388789033192824578        0.345122625192281840662         14.0069602127948938091         594365.122577368538771         0.00000000000000000000        0.351651294999609889143      
   5.26225562130207635868        0.349398417307608211992         13.9656177908312342283         560915.344818078022172         0.00000000000000000000        0.356120373707451319279      
   5.36249717500070230891        0.353732380139337148435         13.9257518839377053468         529331.501364140531564         0.00000000000000000000        0.360652998456399824208      
   5.46464824617834197748        0.358123623395770505131         13.8866242345792418149         499519.915953229481403         0.00000000000000000000        0.365248352165155070668      
   5.56874520954057526060        0.362571212776843015567         13.8489731002909089823         471389.832147226208463         0.00000000000000000000        0.369905571966651292232      
   5.67482513270059906688        0.367074412900327012095         13.8113219660025761497         444824.481785468365473         0.00000000000000000000        0.374623997421403062458      
   5.78292578937853595650        0.371641126852204016311         13.7758856043194393660         419727.091551241843717         0.00000000000000000000        0.379412030523970001284      
   5.89308567285217853749        0.376274823389610116428         13.7404492426363025832         396007.963803838416595         0.00000000000000000000        0.384273429727623308581      
   6.00534400966395925546        0.380974636026296421929         13.7064893960232964988         373578.862152429259112         0.00000000000000000000        0.389207413284088368452      
   6.11974077358902645392        0.385739717600572382323         13.6732678069453557641         352424.557019050885799         0.00000000000000000000        0.394213240964861770776      
   6.23631669986940056312        0.390569073132010237734         13.6407844754024803790         332437.195982398344370         0.00000000000000000000        0.399289993920275266539      
   6.35511329971927901600        0.395461732223489740359         13.6097776589297356931         313579.813711116258645         0.00000000000000000000        0.404436798581740580209      
   6.47617287510665505697        0.400416626240617696148         13.5787708424569910082         295775.560412242723004         0.00000000000000000000        0.409652665989987678101      
   6.59953853381651397905        0.405432715259298979906         13.5499787985894423713         279006.281281919861186         0.00000000000000000000        0.414936656468415857355      
   6.72525420480097061273        0.410514936648149539154         13.5211867547218937344         263164.448006213497791         0.00000000000000000000        0.420294101644055716362      
   6.85336465382181404945        0.415670213687208939013         13.4931329683894104480         248200.316798643777716         0.00000000000000000000        0.425732450050878881897      
   6.98391549939102971754        0.420897594535175974012         13.4658174395919925104         234057.319613813196526         0.00000000000000000000        0.431250852898981399444      
   7.11695322901497502699        0.426196099486843686064         13.4392401683296399224         220724.614735416861095         0.00000000000000000000        0.436848454858805916465      
   7.25252521574799292750        0.431564606352062582180         13.4134011546023526849         208133.472876045239019         0.00000000000000000000        0.442524226609073899840      
   7.39067973506135791721        0.437002006763435248366         13.3890386559451961459         196259.706894255576955         0.00000000000000000000        0.448277173313529942838      
   7.53146598203356130736        0.442507118077734506946         13.3646761572880396077         185065.783217364390524         0.00000000000000000000        0.454106215735716163328      
   7.67493408886805701186        0.448078706875403416724         13.3417901737010137679         174515.544660459054228         0.00000000000000000000        0.460010221084748759026      
   7.82113514274470567793        0.453721082315571348298         13.3189041901139879282         164555.018776161581513         0.00000000000000000000        0.465993923175011183464      
   7.97012120401127385728        0.459442017356370972249         13.2967564640620274389         155151.597506453230693         0.00000000000000000000        0.472065745139483012422      
   8.12194532472146596674        0.465240505086800153320         13.2760852530801976481         146278.040371497674698         0.00000000000000000000        0.478224812686702097222      
   8.27666156752609020238        0.471115361744114045272         13.2554140420983678581         137907.794769574167290         0.00000000000000000000        0.484470068529337736206      
   8.43432502492408531138        0.477065343157597948089         13.2354810886516034169         130015.042449798615884         0.00000000000000000000        0.490800393116740898036      
   8.59499183888026326884        0.483089128367094182664         13.2162863927399043262         122567.149988183594836         0.00000000000000000000        0.497214579530515236557      
   8.75871922081675349098        0.489185382656544707553         13.1978299543632705852         115548.721739197530340         0.00000000000000000000        0.503711419499953889467      
   8.92556547198526728428        0.495352696463446378608         13.1801117735217021929         108936.574402259710830         0.00000000000000000000        0.510289618367044693029      
   9.09559000422743683511        0.501597584152293340845         13.1623935926801338015         102701.368979782947498         0.00000000000000000000        0.516956331974103407471      
   9.26885336113062123769        0.507925951798345714605         13.1461519269086961085         96817.6703158579317829         0.00000000000000000000        0.523718075729962840908      
   9.44541723958671287486        0.514336468038025885227         13.1299102611372584164         91262.2252327628783135         0.00000000000000000000        0.530573653407557744720      
   9.62534451176162096555        0.520827783898727458335         13.1144068529008860739         86029.8162469374543875         0.00000000000000000000        0.537521873528379210306      
   9.80869924748325533893        0.527398418176527328683         13.0996417021995790802         81092.6679115767773425         0.00000000000000000000        0.544561378590610392094      
   9.99554673705598251566        0.534046879571016251643         13.0848765514982720874         76440.5633794874894420         0.00000000000000000000        0.551690820520261354025      
   10.1859535145096780301        0.540771599047681255864         13.0708496583320304442         72058.1169630047565136         0.00000000000000000000        0.558908761147369438345      
   10.3799873812916536838        0.547572053673584166955         13.0575610227008541498         67925.6952075446895236         0.00000000000000000000        0.566214878482358262833      
   10.5777174304098961453        0.554458200752210012441         13.0450106446047432059         64032.3558872437843341         0.00000000000000000000        0.573620124449920127524      
   10.7792140710362139679        0.561431546693159896032         13.0324602665086322619         60356.3889130839859227         0.00000000000000000000        0.581126364151280854777      
   10.9845490535780539350        0.568490557233954071426         13.0206481459475866668         56890.7488082010659767         0.00000000000000000000        0.588732228145721711565      
   11.1937954952279144390        0.575633608994126303913         13.0095742829216064222         53624.4525174387846782         0.00000000000000000000        0.596436246992027428455      
   11.4070279059994537669        0.582859012945439620859         12.9985004198956261776         50546.9007037841790932         0.00000000000000000000        0.604236881545521142996      
   11.6243222152595643932        0.590165010483261837906         12.9889030719397766322         47647.8891780580333943         0.00000000000000000000        0.612132517253757245921      
   11.8457557987658610226        0.597549784077194304070         12.9785674664488617364         44917.6558441192127518         0.00000000000000000000        0.620121474934495974852      
   12.0714075062192100945        0.605018459471206963948         12.9697083760280775407         42341.9937795696235234         0.00000000000000000000        0.628209577413026929143      
   12.3013576893411118434        0.612578385347372380372         12.9601110280722279953         39912.9258237363708091         0.00000000000000000000        0.636405072535843370908      
   12.5356882304859329376        0.620227865987684343497         12.9519901951865091493         37625.3569571325280272         0.00000000000000000000        0.644706442316345621640      
   12.7744825717981781397        0.627965042429661206714         12.9438693623007903032         35467.0439205778061869         0.00000000000000000000        0.653111976368688846868      
   13.0178257449251835150        0.635788024218594410917         12.9364867869501368059         33433.5095302798660200         0.00000000000000000000        0.661619951660344909753      
   13.2658044012958115159        0.643694836301577506127         12.9291042115994833095         31517.9964512742657465         0.00000000000000000000        0.670228545837907723989      
   13.5185068429759298004        0.651683421179649155063         12.9217216362488298131         29712.1298757590693000         0.00000000000000000000        0.678935838683779805780      
   13.7760230541116610332        0.659755549151447413261         12.9158155759683070159         28012.9050787185962115         0.00000000000000000000        0.687744100850434372958      
   14.0384447329716001976        0.667920981833268727324         12.9099095156877842188         26410.5252385582280663         0.00000000000000000000        0.696664294891404955404      
   14.3058653245994092766        0.676178556355780108113         12.9040034554072614217         24898.2533646468887465         0.00000000000000000000        0.705695493885954687463      
   14.5783800540884164358        0.684526216935566253713         12.8980973951267386237         23473.0478214726608535         0.00000000000000000000        0.714835819177408290719      
   14.8560859604900684294        0.692961826152123171456         12.8936678499163465258         22131.6849992231711379         0.00000000000000000000        0.724083303989662741798      
   15.1390819313683105433        0.701483129610331454333         12.8885000471708890783         20866.7364809690523302         0.00000000000000000000        0.733435831381140724281      
   15.4274687380121984974        0.710087844672974745201         12.8840705019604969805         19675.4336704070853354         0.00000000000000000000        0.742891272107879689906      
   15.7213490713192810370        0.718776899026582307903         12.8803792142851702323         18553.2864533950404375         0.00000000000000000000        0.752451015001401055072      
   16.0208275783625308727        0.727560269943185209155         12.8766879266098434841         17495.1804989363806477         0.00000000000000000000        0.762126392848036315919      
   16.3260108996538449572        0.736436877691151692998         12.8729966389345167358         16497.6573132308969214         0.00000000000000000000        0.771916606676362263982      
   16.6370077071173831599        0.745404382231653206880         12.8700436087942553373         15557.5138320822339679         0.00000000000000000000        0.781819480811904462094      
   16.9539287427862672124        0.754460353125734660006         12.8678288361890592884         14671.6605517741309690         0.00000000000000000000        0.791832740637540502581      
   17.2768868582364192553        0.763602267867577649721         12.8648758060487978898         13836.2330063379483294         0.00000000000000000000        0.801954000236718766135      
   17.6059970547715819462        0.772827571429708218341         12.8626610334436018409         13050.2560275598833615         0.00000000000000000000        0.812180856094813179342      
   17.9413765243738294649        0.782138500936558870517         12.8611845183734711416         12309.7137473400563739         0.00000000000000000000        0.822516189765030245691      
   18.2831446914341514010        0.791543980386143153360         12.8589697457682750927         11610.5970228584747437         0.00000000000000000000        0.832970293009654434398      
   18.6314232552779692319        0.801041978017821614953         12.8574932306981443925         10952.2393139892703804         0.00000000000000000000        0.843541356817373861124      
   18.9863362335007282121        0.810629823989136985270         12.8560167156280136932         10331.0150152871180964         0.00000000000000000000        0.854226841805911470725      
   19.3480100061289959253        0.820304802852901933710         12.8552784580929483436         9746.28678527526739916         0.00000000000000000000        0.865024186249204580742      
   19.7165733606227926954        0.830064085125093749221         12.8552784580929483436         9195.36216649526560296         0.00000000000000000000        0.875930675367316347697      
   20.0921575377351786396        0.839904826702308036565         12.8545402005578829939         8675.79739020968298568         0.00000000000000000000        0.886943572671815220001      
   20.4748962782454273588        0.849833857131354361385         12.8545402005578829939         8186.55370921783694360         0.00000000000000000000        0.898070974390558132553      
   20.8649258705824273818        0.859855429764682225625         12.8538019430228176443         7724.63019328378599671         0.00000000000000000000        0.909318069232296766766      
   21.2623851993552694349        0.869966700596044317806         12.8545402005578829939         7289.60634353237403538         0.00000000000000000000        0.920682158564429830401      
   21.6674157948083006778        0.880164666238397585412         12.8545402005578829939         6879.06857438381932823         0.00000000000000000000        0.932160336509831982633      
   22.0801618832182562219        0.890446276654576827306         12.8552784580929483436         6492.59545009861785125         0.00000000000000000000        0.943749671205169238198      
   22.5007704382514137041        0.900808361386793221895         12.8560167156280136932         6127.99467699682766453         0.00000000000000000000        0.955447058794628170013      
   22.9293912332990585858        0.911250656828358303037         12.8567549731630790429         5784.78210859748332284         0.00000000000000000000        0.967252698435519744186      
   23.3661768948098960974        0.921782400365495446597         12.8574932306981443925         5460.65866762214739127         0.00000000000000000000        0.979177471347128841356      
   23.8112829566384009393        0.932401907661833133985         12.8589697457682750927         5155.31673509636257302         0.00000000000000000000        0.991219978966121242241      
   24.2648679154284573761        0.943105933942849784476         12.8604462608384057919         4867.38284173430739887         0.00000000000000000000         1.00337704743479759636      
   24.7270932870520112508        0.953891138259393107067         12.8619227759085364912         4595.60365861875427385         0.00000000000000000000         1.01564539017412368391      
   25.1981236641228309153        0.964754119417258107125         12.8633992909786671905         4339.71527839147225780         0.00000000000000000000         1.02802166825222179511      
   25.6781267746058570779        0.975692041296016145601         12.8648758060487978898         4098.51175101091024189         0.00000000000000000000         1.04050315430814866932      
   26.1672735415430115589        0.986712996879939403089         12.8670905786539939387         3870.96347868191316222         0.00000000000000000000         1.05309956642822368769      
   26.6657381439167325918        0.997817848312348057926         12.8693053512591899876         3656.27114499400070136         0.00000000000000000000         1.06581238623407245419      
   27.1736980786729094093         1.00900310431782341705         12.8715201238643860366         3453.74981563232223714         0.00000000000000000000         1.07863815084512569076      
   27.6913342239253016663         1.02026516060531365732         12.8737348964695820855         3262.74108739507905064         0.00000000000000000000         1.09157326477117261137      
   28.2188309033639500162         1.03160032398073639014         12.8759496690747781344         3082.61584675570178837         0.00000000000000000000         1.10461402213886488767      
   28.7563759518905128730         1.04300502972783210997         12.8781644416799741833         2912.77147553328552565         0.00000000000000000000         1.11775685369146788673      
   29.3041607825039012603         1.05448567552796403774         12.8803792142851702323         2752.50736044674401204         0.00000000000000000000         1.13100963537472167181      
   29.8623804544600288530         1.06604432231379658283         12.8833322444254316308         2601.42935337981731170         0.00000000000000000000         1.14437525282185671878      
   30.4312337427299480861         1.07767719460269108603         12.8862852745656930294         2458.68422131814293152         0.00000000000000000000         1.15784986932619823885      
   31.0109232087811054600         1.08938043454401676526         12.8885000471708890783         2324.16682672459397563         0.00000000000000000000         1.17142958215307038086      
   31.6016552727069203483         1.10115006196328604261         12.8914530773111504769         2197.25659910632412175         0.00000000000000000000         1.18511031185728846855      
   32.2036402867303717980         1.11298240104346759843         12.8944061074514118755         2077.53310286391249417         0.00000000000000000000         1.19888832762365858697      
   32.8170926101077669035         1.12488381996945924310         12.8973591375916732740         1964.51093211230946545         0.00000000000000000000         1.21277154751313292038      
   33.4422306854593631917         1.13685520588446515905         12.9003121677319346735         1857.79540690983941431         0.00000000000000000000         1.22676150758998592216      
   34.0792771165540252509         1.14889253184733911917         12.9032651978721960720         1757.05015936295216572         0.00000000000000000000         1.24085404894974140407      
   34.7284587475756138207         1.16099164815868233030         12.9062182280124574706         1661.95337943920327617         0.00000000000000000000         1.25504486354650284159      
   35.3900067438993330762         1.17314832816903335177         12.9091712581527188692         1572.31091630396664505         0.00000000000000000000         1.26932954827372207051      
   36.0641566744067995319         1.18535980411996747690         12.9128625458280456174         1487.69522737462542306         0.00000000000000000000         1.28370537951516143732      
   36.7511485953691439572         1.19763300233049829486         12.9158155759683070159         1407.76765036199785397         0.00000000000000000000         1.29818098793485542505      
   37.4512271359280159259         1.20996600344888484522         12.9187686061085684145         1332.26836227751188080         0.00000000000000000000         1.31275461492696174327      
   38.1646415852049298925         1.22235450966519855617         12.9217216362488298131         1260.96124461808841399         0.00000000000000000000         1.32742171935506429899      
   38.8916459810699710782         1.23479411140855812733         12.9246746663890912116         1193.62017672899278065         0.00000000000000000000         1.34217761759333486181      
   39.6324992006014707978         1.24728033289839185520         12.9283659540644179598         1130.11155614463800057         0.00000000000000000000         1.35701753897375809222      
   40.3874650522688626586         1.25981406432533363964         12.9313189842046793584         1070.04046547463994044         0.00000000000000000000         1.37194302713708974836      
   41.1568123698715448294         1.27239963074457890799         12.9342720143449407570         1013.34180907547770734         0.00000000000000000000         1.38695969012073226265      
   41.9408151082671987776         1.28503273467109714048         12.9372250444852021556         959.759664971947830447         0.00000000000000000000         1.40206289548643852152      
   42.7397524409236521936         1.29770882233129340158         12.9401780746254635541         909.128391244942482941         0.00000000000000000000         1.41724771205520089440      
   43.5539088593290229998         1.31042325975747248729         12.9431311047657249536         861.352464765162657623         0.00000000000000000000         1.43250910556263933880      
   44.3835742742955432043         1.32317283856534982948         12.9460841349059863521         816.205865764535956675         0.00000000000000000000         1.44784371082859685757      
   45.2290441191931355605         1.33596300192479427278         12.9490371650462477507         773.516948689905049275         0.00000000000000000000         1.46325848815576854320      
   46.0906194551495032655         1.34879111972317466180         12.9512519376514437996         733.151520496865402698         0.00000000000000000000         1.47875070785383329569      
   46.9686070782541931004         1.36165252188776177210         12.9542049677917051982         694.986706102277878638         0.00000000000000000000         1.49431520413280001752      
   47.8633196288048059427         1.37454244271391007412         12.9571579979319665967         658.953244346476424476         0.00000000000000000000         1.50994668997955932047      
   48.7750757026342559863         1.38745642753478940726         12.9593727705371626457         624.839099155543892306         0.00000000000000000000         1.52564020629615014403      
   49.7041999645587207757         1.40039833416343063920         12.9615875431423586946         592.613797031394522963         0.00000000000000000000         1.54140084529113685489      
   50.6510232639866795450         1.41336712314726361866         12.9645405732826200932         562.166531933000786114         0.00000000000000000000         1.55722770954423244977      
   51.6158827527302066507         1.42635801719166971542         12.9667553458878161421         533.320155628784311141         0.00000000000000000000         1.57311537194166874262      
   52.5991220050604713389         1.43936615840974812663         12.9689701184930121910         506.069636297505927786         0.00000000000000000000         1.58905833049849062714      
   53.6010911400501940116         1.45238684490463998281         12.9711848910982082399         480.289989327077081527         0.00000000000000000000         1.60505122362221221979      
   54.6221469462466236167         1.46542291046423952042         12.9733996637034042889         455.889116343107145241         0.00000000000000000000         1.62109786457554334198      
   55.6626530087194306730         1.47847345013948412999         12.9756144363086003378         432.822106672892196716         0.00000000000000000000         1.63719744674083696038      
   56.7229798385287559762         1.49153362353350640119         12.9770909513787310371         410.984873778626928070         0.00000000000000000000         1.65334434676226533307      
   57.8035050046595170539         1.50459849032027997160         12.9793057239839270860         390.313115719515069280         0.00000000000000000000         1.66953281352321472684      
   58.9046132684689524098         1.51766362052367620352         12.9807822390540577853         370.744162647774696095         0.00000000000000000000         1.68575770301705331095      
   60.0266967206952786508         1.53073190860277131729         12.9822587541241884846         352.236483998605047707         0.00000000000000000000         1.70202286336501020739      
   61.1701549210762476165         1.54380113284198537769         12.9837352691943191839         334.704275045320727044         0.00000000000000000000         1.71832575261701036228      
   62.3353950406273198022         1.55686640957993022161         12.9844735267293845344         318.096546942009549691         0.00000000000000000000         1.73466056182164849559      
   63.5228320066301175885         1.56992277169428490256         12.9859500417995152336         302.388198912280959263         0.00000000000000000000         1.75102137283902407471      
   64.7328886503827869159         1.58296706486541240990         12.9866882993345805833         287.483965042944472762         0.00000000000000000000         1.76740447118563689477      
   65.9659958577648792080         1.59600187056182487026         12.9881648144047112826         273.399775560674474950         0.00000000000000000000         1.78381325585027754050      
   67.2225927226703681705         1.60902318152929959020         12.9881648144047112826         260.028688285841794670         0.00000000000000000000         1.80024282615721450170      
   68.5031267033634365740         1.62202609787998120459         12.9889030719397766322         247.373922383385781321         0.00000000000000000000         1.81668722134637546214      
   69.8080537818127097177         1.63500566951251315802         12.9896413294748419819         235.378241116380823084         0.00000000000000000000         1.83314036789709009878      
   71.1378386260606722785         1.64796210474012397285         12.9896413294748419819         224.003248667376515510         0.00000000000000000000         1.84960264804047426902      
   72.4929547556860863072         1.66089475584561193896         12.9896413294748419819         213.230802844827801834         0.00000000000000000000         1.86607328012217041596      
   73.8738847104183294356         1.67379883245996797223         12.9896413294748419819         203.012590699965275176         0.00000000000000000000         1.88254625974988333114      
   75.2811202219636947386         1.68666944915609332098         12.9889030719397766322         193.320065948869300496         0.00000000000000000000         1.89901546241371566189      
   76.7151623891048373705         1.69950363056790173339         12.9889030719397766322         184.139748371946327055         0.00000000000000000000         1.91547717219259809552      
   78.1765218561357188506         1.71230272316412219624         12.9881648144047112826         175.426106291738685278         0.00000000000000000000         1.93193304077223500790      
   79.6657189946955871102         1.72506253889988402474         12.9874265568696459329         167.155378608200113955         0.00000000000000000000         1.94837767351688033370      
   81.1832840890667414707         1.73777831551089060626         12.9866882993345805833         159.317838396706705620         0.00000000000000000000         1.96480496144545886249      
   82.7297575250020643944         1.75044599112260751569         12.9852117842644498840         151.877607579193436294         0.00000000000000000000         1.98120965490198047763      
   84.3056899821495593153         1.76306663808979738350         12.9844735267293845344         144.823081678436453273         0.00000000000000000000         1.99759301467981511147      
   85.9116426301424144923         1.77563696057061087862         12.9822587541241884846         138.111413178358488907         0.00000000000000000000         2.01395061159659416353      
   87.5481873284244179467         1.78815234925096874623         12.9807822390540577853         131.757711098091487317         0.00000000000000000000         2.03027639811102374721      
   89.2159068298818789047         1.80060856594551605737         12.9785674664488617364         125.711874604084671098         0.00000000000000000000         2.04656473345314800943      
   90.9153949883545664523         1.81300614948607141154         12.9770909513787310371         119.976014513850198218         0.00000000000000000000         2.06281612022962572211      
   92.6472569700995574535         1.82534222169051841677         12.9741379212384696385         114.524396961204680212         0.00000000000000000000         2.07902653391437144156      
   94.4121094692832933046         1.83761232785758610645         12.9719231486332735896         109.351414068769572693         0.00000000000000000000         2.09518995403371641466      
   96.2105809275785795395         1.84981249123377834340         12.9689701184930121910         104.433858447468920529         0.00000000000000000000         2.11130095238462316435      
   98.0433117579447239998         1.86194303785279494361         12.9660170883527507925         99.7573247722869589013         0.00000000000000000000         2.12735962952085843171      
   99.9109545726704988550         1.87400091332089527123         12.9630640582124893939         95.3093507305324057974         0.00000000000000000000         2.14336160684886835727      
   101.814174415761129665         1.88598184488593727411         12.9601110280722279953         91.0938051368052197007         0.00000000000000000000         2.15930096261899641201      
   103.753648999752061614         1.89750035268207185152         12.9564197403969012471         87.1923571045001106969         0.00000000000000000000         2.17466260416013141155      
   105.730068947033829192         1.90684971904444223035         12.9519901951865091493         84.0719584303514570617        0.367652252462558894397         2.18715848389310629557      
   107.744138035773962245         1.91329921757502725572         12.9468223924410517018         81.8218067665611007502         1.14946698209676418127         2.19579328348904429381      
   109.796573450523497872         1.91947299906095548516         12.9394398170903982045         79.6096669317196269575         1.58060938257492838109         2.20407091162778806959      
   111.888106037597336063         1.92550626237194122826         12.9313189842046793584         77.4286672522032230551         1.91356353088940107639         2.21217187418551695824      
   114.019480565319376933         1.93144058844209940925         12.9224598937838951627         75.2879055857722933806         2.19410139421423394613         2.22015166717433088425      
   116.191455989225109265         1.93729845100973693036         12.9128625458280456174         73.1832930690296715945         2.44067941092606073149         2.22804028741779598525      
   118.404805722316085977         1.94309435242021557504         12.9025269403371307224         71.1168359749608746528         2.66289492898073097845         2.23585711987837781043      
   120.660317910462520419         1.94885603293671624218         12.8914530773111504769         69.0816893551303555371         2.86517749358863678443         2.24363953004828824513      
   122.958795713052071098         1.95457398598432815736         12.8803792142851702323         67.0881729053262850851         3.05269490749523559735         2.25137468272228306160      
   125.301057588984750255         1.96027045712330725657         12.8678288361890592884         65.1347620011494140915         3.22692368577065811629         2.25909268978230204426      
   127.687937588115795404         1.96593445822105018230         12.8552784580929483436         63.2194814150750397999         3.39081685855516574025         2.26677869600924562039      
   130.120285648250283025         1.97156753094142206785         12.8427280799968373997         61.3487927906771996975         3.54585094091888916828         2.27443480856543830872      
   132.598967897795240456         1.97719120940203894898         12.8294394443656611061         59.5205587000754499510         3.69202593286182840040         2.28209036388268091057      
   135.124866964177026502         1.98278374256444377057         12.8161508087344848117         57.7333702716408011767         3.83155660698917948552         2.28971580170421801725      
   137.698882288133804305         1.98835880776871904362         12.8021239155682431685         55.9860343407044215303         3.96444296330094242387         2.29732980341230995022      
   140.321930443995022117         1.99391417195740217234         12.7873587648669361757         54.2841202676610777439         4.09142325933218256465         2.30492939389127099209      
   142.994945466061949557         1.99944475032009166295         12.7733318717006945316         52.6279858015731897523         4.21323575261796525815         2.31250764981556978118      
   145.718879181205488799         2.00495876198024519958         12.7585667209993875388         51.0121614669267280893         4.32988044315829050416         2.32007586755896810489      
   148.494701547799695468         2.01044747145070695294         12.7430633127630151963         49.4376914647997168992         4.44209558848822365189         2.32762209636614383207      
   151.323401001111698297         2.01591661516921296987         12.7275599045266428529         47.9038617358559110256         4.54988118860776470176         2.33515425096163235720      
   154.205984805271007057         2.02135438172804074572         12.7120564962902705105         46.4154088472731848058         4.65397550105197900343         2.34265607652291410891      
   157.143479411943540511         2.02676448916223257289         12.6958148305188328183         44.9674188297249017576         4.75437852582086655688         2.35013266584288710716      
   160.136930825838093490         2.03215032093137182669         12.6795731647473951254         43.5629638315539861812         4.85109026291442736213         2.35758870304977825611      
   163.187404977175395532         2.03749680873578247744         12.6633314989759574332         42.1987256075954384402         4.94484896986772676838         2.36500327105686667262      
   166.295988101252392471         2.04282414746221590521         12.6470898332045197402         40.8727943724251094881         5.03491638914569942641         2.37240435099340356935      
   169.463787125236909112         2.04809748956685016706         12.6301099098980166985         39.5868107014456111561         5.12276903581847603596         2.37974344554418302720      
   172.691930062330425658         2.05333626206939448534         12.6131299865915136567         38.3419890141715465487         5.20766865235099124650         2.38704746305172252883      
   175.981566413439324228         2.05854169586253241586         12.5961500632850106141         37.1341939403802216435         5.28961523874324505848         2.39431804647239684838      
   179.333867576497635488         2.06369534326571132444         12.5784318824434422227         35.9636452478215734724         5.36934705253030282110         2.40152929831190995250      
   182.750027263587040333         2.06881700983910227871         12.5607137016018738304         34.8285037112078460220         5.44612583617709918558         2.40870881110993733483      
   186.231261926002657339         2.07386764410876176922         12.5429955207603054390         33.7328515835863703039         5.52142810475376485078         2.41580164969588592630      
   189.778811187415976852         2.07888676391470124936         12.5252773399187370476         32.6707847318431529211         5.59377734319016911698         2.42286311007951799933      
   193.393938285289185508         2.08385455088363326392         12.5075591590771686553         31.6424706702518907502         5.66391180902137733426         2.42986518755314165221      
   197.077930520698063208         2.08875027165377969655         12.4891027207005349143         30.6504761876379971178         5.73256975978245485268         2.43677838824303359590      
   200.832099716723628757         2.09359381992148112358         12.4713845398589665220         29.6903052471365812570         5.79901293793833632175         2.44363051514924050842      
   204.657782685575761722         2.09838488402260231382         12.4521898439472674313         28.7586405691823157708         5.86324134348902174189         2.45042091330238240385      
   208.556341704615137350         2.10312314320144204535         12.4337334055706336894         27.8621993326028699386         5.92525497643451111267         2.45714895206752158177      
   212.529165001442979732         2.10778698186706355011         12.4152769671939999484         26.9933017203071294494         5.98579209430986978460         2.46378361163993468350      
   216.577667248231367850         2.11237555426578186278         12.3960822712823008568         26.1535228719476470875         6.04485269711509775725         2.47032331869415625113      
   220.703290065470119047         2.11690945071929504783         12.3776258329056671158         25.3437060950578550156         6.10169852731512968097         2.47679712800269202495      
   224.907502535309627975         2.12136663651198093309         12.3584311369939680251         24.5612009728581834715         6.15706784244503090497         2.48317325556802826186      
   229.191801724682455807         2.12574631423466605252         12.3392364410822689335         23.8051694390540808394         6.21096064250480143012         2.48945016155866957275      
   233.557713218389946558         2.13004764964671765965         12.3193034876355044932         23.0748143309598582589         6.26337692749444125556         2.49562624447336567400      
   238.006791662343696520         2.13426983502307861858         12.3001087917238054016         22.3713329372767258454         6.31431669741395038215         2.50169994371564267596      
   242.540621317155317471         2.13843402223364597572         12.2809140958121063110         21.6914438086847081964         6.36304169472826345938         2.50770135165057531188      
   247.160816622271620330         2.14249573785269491633         12.2609811423653418698         21.0351670054870597427         6.41102843450751118696         2.51356594323887002945      
   251.869022770856100898         2.14647609237097656003         12.2410481889185774294         20.4013830731231291388         6.45753865921662821570         2.51932368879880470998      
   256.666916295621435340         2.15037435633272669801         12.2211152354718129882         19.7893555417204103190         6.50257236885561454472         2.52497310042924066583      
   261.556205665821592948         2.15418994147463642073         12.2011822820250485479         19.1983649960110628104         6.54612956342447017445         2.53051289127601623775      
   266.538631895616147993         2.15792223144472863601         12.1812493285782841067         18.6294228903853231420         6.58821024292319510490         2.53594173572611097998      
   271.615969164023420973         2.16157056432338647392         12.1605781175964543167         18.0800740965575523125         6.62881440735178933607         2.54125821882103191817      
   276.790025446683207011         2.16511212986036476907         12.1406451641496898755         17.5498855174339668701         6.66868031424531821760         2.54642855911142547832      
   282.062643159654054120         2.16856861297617513709         12.1199739531678600856         17.0380166687279378471         6.70706970606871639984         2.55148388011546606020      
   287.435699815474339253         2.17191719456752563972         12.0993027421860302947         16.5439686936304826120         6.74472084035704923200         2.55639026152860465322      
   292.911108691720757619         2.17517974742134699551         12.0786315312042005048         16.0669736249889966908         6.78089545957525136532         2.56117921453314787415      
   298.490819512302289734         2.17835597364455363888         12.0579603202223707139         15.6079456711893726209         6.81559356372332279935         2.56584985840176956341      
   304.176819141732247137         2.18142299350354931299         12.0372891092405409240         15.1648452355200003550         6.84955341033632888331         2.57036798564411536508      
   309.971132292625617954         2.18440297073785357060         12.0166178982587111331         14.7370684130623106414         6.88203674187920426842         2.57476570873859203579      
   315.875822246673643084         2.18727319342683140368         11.9952084297418159935         14.3241381975792880701         6.91378181588701430345         2.57900895951466295778      
   321.892991589352353066         2.19005588954506019814         11.9745372187599862027         13.9255169541508746654         6.94405037482469363963         2.58313006341306262200      
   328.024782958626686141         2.19272843439724831596         11.9531277502430910631         13.5406847810467574501         6.97358067622730762574         2.58709496269999150221      
   334.273379807916791340         2.19529072470882579402         11.9317182817261959226         13.1703846818152503903         7.00237272009485626264         2.59090288777723481962      
   340.641007183598199470         2.19776518745289807673         11.9103088132093007830         12.8116869564654060178         7.02968824889227419982         2.59458661970909219494      
   347.129932517312719903         2.20012934485074963895         11.8888993446924056425         12.4665159658336291027         7.05626552015462678736         2.59811217299019230910      
   353.742466433372195062         2.20238318798652665310         11.8674898761755105029         12.1332398133684960110         7.08210453388191402526         2.60147890745468560853      
   360.480963571542618762         2.20454934780687154252         11.8460804076586153624         11.8114316238285784908         7.10646703253907056430         2.60472011471845975653      
   367.347823425501601974         2.20658299515167101597         11.8239326816066548731         11.5006057398715649783         7.13082953119622710292         2.60776808635536621163      
   374.345491197267749017         2.20855182874982529937         11.8025232130897597327         11.2015725198144428893         7.15297725724818759261         2.61072382228965027529      
   381.476458667906197175         2.21038860084821604302         11.7811137445728645930         10.9117241247074903939         7.17512498330014808229         2.61348579596690573559      
   388.743265084820365435         2.21211614532628734922         11.7589660185209041029         10.6327201153083178969         7.19653445181704322234         2.61608770594339400638      
   396.148498065945866953         2.21375723144464367476         11.7368182924689436137         10.3623275302120511944         7.21646740526380766310         2.61856334712705450334      
   403.694794521168556556         2.21526738817038319957         11.7146705664169831235         10.1019835187363450245         7.23640035871057210387         2.62084504552454372150      
   411.384841591294818958         2.21669197114389106870         11.6932610979000879839         9.85056141748055746205         7.25485679708720584535         2.62300079722593886683      
   419.221377604908452819         2.21800901292287077076         11.6711133718481274938         9.60763453467067465689         7.27257497792877423675         2.62499686530871479697      
   427.207193053454875820         2.21921907338435000904         11.6489656457961670045         9.37290666414371287547         7.28955490123527727895         2.62683355404000733148      
   435.345131584899865312         2.22032275618271368730         11.6268179197442065144         9.14693025748078696567         7.30579656700671497150         2.62851125465059190468      
   443.638091016316664011         2.22132069603300514541         11.6039319361571806755         8.92774853214704597424         7.32129997524308731441         2.63003038985874883671      
   452.089024365762020913         2.22221358060567279226         11.5817842101052201854         8.71589953272988950551         7.33606512594439430768         2.63139150047504025132      
   460.700940903808604077         2.22300213224667289982         11.5596364840532596962         8.51194945673798914962         7.35009201911063595088         2.63259519516260663032      
   469.476907225108224309         2.22368710839448469573         11.5374887580012992060         8.31479197477781490494         7.36338065474181224486         2.63364213128253462563      
   478.420048340367438322         2.22426931353140397950         11.5146027744142733663         8.12346219355140391257         7.37593103283792318877         2.63453304788848501560      
   487.533548789124371176         2.22474957626221357199         11.4917167908272475274         7.93925280189228203386         7.38774315339896878348         2.63526876537101703568      
   496.820653773723003271         2.22510703584680785629         11.4695690647752870372         7.76097320560095261469         7.39955527396001437818         2.63581703870420974061      
   506.284670314888716053         2.22538686752556050187         11.4466830811882611984         7.58873702058177092029         7.40989087945092927317         2.63624729701548556342      
   515.928968429316581912         2.22554573928449816078         11.4237970976012353586         7.42202780586514165428         7.42022648494184416858         2.63649221272411198665      
   525.756982329691722966         2.22562855896184248685         11.4016493715492748693         7.26097543005255053510         7.42908557536262836429         2.63662057626489092959      
   535.772211647569050752         2.22559254851876776589         11.3787633879622490296         7.10575076646663113342         7.43794466578341255999         2.63656596222389749250      
   545.978222679547838314         2.22546059339793819210         11.3558774043752231907         6.95496607155854910422         7.44606549866913140648         2.63636328971439533103      
   556.378649657184873256         2.22523369127276975012         11.3329914207881973509         6.80911140602191627003         7.45344807401978490290         2.63601375790880425331      
   566.977196041098388868         2.22489143826997746024         11.3101054372011715120         6.66852433993754836099         7.46083064937043839932         2.63548535022509683640      
   577.777635839723591182         2.22445646566708363093         11.2872194536141456723         6.53250130915069309335         7.46747496718602654653         2.63481279383321532442      
   588.783814953189370722         2.22393004803169696778         11.2643334700271198325         6.40033377997871855570         7.47338102746654934366         2.63399775431180211967      
   599.999652542794738475         2.22331329035387628289         11.2414474864400939936         6.27306885697962941708         7.47854883021200679116         2.63304167607497248264      
   611.429142426572638680         2.22260739179847064827         11.2185615028530681538         6.14936169810811149609         7.48297837542239888944         2.63194613074358736422      
   623.076354501438081201         2.22179212100276222194         11.1956755192660423149         6.03009071800016896361         7.48740792063279098729         2.63067925520432314285      
   634.945436192427002275         2.22089020031758452908         11.1727895356790164752         5.91469014225021319465         7.49109920830811773550         2.62927621267990436474      
   647.040613929541909510         2.21990280856855249367         11.1499035520919906363         5.80305056888707775824         7.49405223844837913407         2.62773860993020633246      
   659.366194652730196968         2.21881006522696875107         11.1270175685049647965         5.69483962953892652262         7.49700526858864053264         2.62603504635629065645      
   671.926567345531034425         2.21763451565715719732         11.1041315849179389576         5.59015944579290339784         7.49922004119383658156         2.62420058580007139462      
   684.726204597936942753         2.21637731831094489106         11.0805073437958477682         5.48886086456036037052         7.50069655626396728084         2.62223684529780277637      
   697.769664199026571128         2.21501893766022105820         11.0576213602088219293         5.39068009367127613882         7.50217307133409798013         2.62011290864546725495      
   711.061590759935791162         2.21358159726633907556         11.0347353766217960895         5.29568452995271317244         7.50291132886916332977         2.61786348947446210534      
   724.606717367745030212         2.21204588663199598099         11.0118493930347702498         5.20358573845197979997         7.50364958640422867985         2.61545782909192620395      
   738.409867270871768663         2.21043406207122568883         10.9889634094477444109         5.11448046592073172437         7.50364958640422867985         2.61293079428893983162      
   752.475955596568351180         2.20874738168803064794         10.9653391683256532215         5.02827409199970684107         7.50291132886916332977         2.61028423264576884774      
   766.809991101136689429         2.20696659058201959092         10.9424531847386273826         4.94468714512260481067         7.50217307133409798013         2.60748758187439855986      
   781.417077953483086461         2.20509306776490480008         10.9195672011516015428         4.86362776873010412265         7.50143481379903263049         2.60454281442920109347      
   796.302417552648283572         2.20316971544079650354         10.8966812175645757039         4.78540343209311453201         7.49922004119383658156         2.60151768346412535886      
   811.471310379959929859         2.20113591341134934580         10.8737952339775498642         4.70936195004651601088         7.49774352612370588228         2.59831609692151451418      
   826.929157886467000815         2.19905499148438871872         10.8509092503905240253         4.63599335115478233642         7.49479049598344448371         2.59503827253684486590      
   842.681464416328260603         2.19686667599425881729         10.8272850092684328359         4.56465382123210668347         7.49257572337824843478         2.59158852374831968142      
   858.733839166839659107         2.19463400600953700424         10.8043990256814069970         4.49585212463986472458         7.48888443570292168657         2.58806680337051713231      
   875.091998185798606080         2.19229703516541536159         10.7815130420943811572         4.42893708613244303524         7.48593140556266028801         2.58437780571859344577      
   891.761766406916359828         2.18991841502713639224         10.7586270585073553174         4.36443057833989817365         7.48150186035226818972         2.58062105426625047993      
   908.749079724003312297         2.18743868736229371964         10.7357410749203294785         4.30168253294263148306         7.47781057267694144151         2.57670189147136367348      
   926.059987104665764679         2.18489979736664237863         10.7128550913333036388         4.24102789815369132917         7.47338102746654934366         2.57268701205491094391      
   943.700652744266851701         2.18230327872426916941         10.6907073652813431495         4.18240814496868194535         7.46821322472109189617         2.56857885236885118293      
   961.677358260918614563         2.17963035976899734570         10.6678213816943173098         4.12556825143087530687         7.46304542197563444868         2.56434744799892212807      
   979.996504932286831291         2.17688257726341704125         10.6449353981072914709         4.07045588185731800667         7.45787761923017700075         2.55999519609867696155      
   998.664615975005101056         2.17408149269124870693         10.6227876720553309807         4.01722107551650921536         7.45197155894965420362         2.55555650883267201435      
   1017.68833886750985496         2.17120851417565741658         10.5999016884683051418         3.96560982466971560746         7.44606549866913140648         2.55100167825213284905      
   1037.07444771712342380         2.16828505209534168536         10.5770157048812793021         3.91577298016557967444         7.43942118085354325927         2.54636493640501425698      
   1056.82984567222805272         2.16529267652252709530         10.5548679788293188128         3.86708344866595054158         7.43277686303795511250         2.54161680471101320239      
   1076.96156738038980583         2.16223300818377375354         10.5319819952422929731         3.82028985533767015100         7.42613254522236696572         2.53675988777879996656      
   1097.47678149330766872         2.15910738795409550580         10.5098342691903324829         3.77493409650256025773         7.41948822740677881851         2.53179632516182879609      
   1118.38279321947982969         2.15593712364262747897         10.4869482856033066440         3.73081798400619439040         7.41210565205612532209         2.52676029046894862836      
   1139.68704692549611102         2.15272356626485071780         10.4655388170864115036         3.68864065463805248309         7.40398481917040647603         2.52165403110689967229      
   1161.39712878688283837         2.14942887567180606311         10.4426528334993856647         3.64723117263906052542         7.39660224381975297918         2.51641686059822738703      
   1183.52076948944408052         2.14609377800746486194         10.4205051074474251745         3.60769469261368437595         7.38848141093403413312         2.51111418619462131480      
   1206.06584698206117245         2.14271959569766419344         10.3983573813954646853         3.56925745604750383096         7.37962232051324993742         2.50574819630104984251      
   1229.04038928193076063         2.13926889542519488210         10.3762096553435041952         3.53185802693196176146         7.37150148762753109092         2.50025881980512060189      
   1252.45257733324027627         2.13578190187176303457         10.3540619292915437059         3.49585486011630210200         7.36264239720674689522         2.49471074799524324193      
   1276.31074792029878096         2.13224071102966305862         10.3326524607746485654         3.46137990636745507636         7.35378330678596269909         2.48907528457839286105      
   1300.62339663616050756         2.12866596498089725585         10.3105047347226880762         3.42754394024210744143         7.34418595883011315374         2.48338568259541184950      
   1325.39918090779818938         2.12502070177075449531         10.2890952662057929357         3.39498866466449476559         7.33532686840932895761         2.47758257924539665690      
   1350.64692307890340350         2.12134470820829548992         10.2669475401538324464         3.36371877786651956427         7.32572952045347941226         2.47173006586086317442      
   1376.37561355141167163         2.11762015708997589341         10.2455380716369373060         3.33350722575420301496         7.31613217249762986692         2.46579954285037971132      
   1402.59441398687097979         2.11386759441652565222         10.2241286031200421663         3.30452703615385947299         7.30579656700671497150         2.45982418991123451377      
   1429.31266056879368131         2.11005015758887987240         10.2027191346031470259         3.27603550739656048047         7.29619921905086542616         2.45374471977690176159      
   1456.53986732715346519         2.10620745936716576127         10.1813096660862518862         3.24906720760659666774         7.28586361355995053074         2.44762505738552602324      
   1484.28572952621120307         2.10234055777194037639         10.1599001975693567458         3.22293569487042645357         7.27478975053397028611         2.44146700621463815461      
   1512.56012711687603456         2.09841325362755891848         10.1384907290524616062         3.19756047678739749752         7.26445414504305539069         2.43521233870787654537      
   1541.37312825483103451         2.09444555189427839416         10.1178195180706318153         3.17312067326117689227         7.25411853955214049570         2.42889339306740250106      
   1570.73499288567622312         2.09045779011258309101         10.0964100495537366757         3.14978161226964850920         7.24304467652616025064         2.42254307403836485974      
   1600.65617639836553965         2.08643239306118335867         10.0757388385719068849         3.12734531136569435705         7.23197081350018000602         2.41613315786695590144      
   1631.14733334823872646         2.08237062758295575211         10.0550676275900770949         3.10578452698405977489         7.22089695047419976096         2.40966579770927518452      
   1662.21932125097384558         2.07827390138958252087         10.0343964166082473041         3.08507088439199218008         7.20982308744821951589         2.40314337859179779928      
   1693.88320444881140692         2.07416210940969722768         10.0137252056264175141         3.06509435638378830748         7.19801096688717392163         2.39659809950911145563      
   1726.15025805042682228         2.06999927082068527597         9.99305399464458772325         3.04573837611136168492         7.18693710386119367656         2.38997204684270550903      
   1759.03197194585412166         2.06582393128666249736         9.97312104119782328292         3.02771962198553113745         7.17512498330014808229         2.38332752335958423140      
   1792.54005489789060002         2.06161866308994465844         9.95244983021599349208         3.01018087485431479807         7.16331286273910248759         2.37663651963840729742      
   1826.68643871143928692         2.05738477397669203370         9.93251687676922905175         2.99342456468384697900         7.15150074217805689332         2.36990127315848333306      
   1861.48328248227389237         2.05312344812417242016         9.91258392332246461055         2.97744793995591309609         7.13968862161701129862         2.36312381234644428973      
